20 1.000000 1.000000 1.000000 0.000000 0.000000 0.000000 0.651614 0.424700 0.098950
30 0.933333 0.933333 0.933333 0.000000 0.000000 0.000000 0.610069 0.398852 0.092750
40 1.000000 1.000000 1.000000 0.000000 0.000000 0.000000 0.647291 0.419101 0.099325
50 1.000000 1.000000 1.000000 0.000000 0.000000 0.000000 0.645775 0.417165 0.099330
60 1.000000 1.000000 1.000000 0.000000 0.000000 0.000000 0.645885 0.417308 0.099317
70 1.000000 1.000000 1.000000 0.000000 0.000000 0.000000 0.644558 0.415562 0.099500
80 1.000000 1.000000 1.000000 0.000000 0.000000 0.000000 0.642566 0.413023 0.099319
90 1.000000 1.000000 1.000000 0.000000 0.000000 0.000000 0.641595 0.411829 0.099339
100 1.000000 1.000000 1.000000 0.000000 0.000000 0.000000 0.641992 0.412297 0.099400
110 1.000000 1.000000 1.000000 0.000000 0.000000 0.000000 0.642379 0.412786 0.099368
120 1.000000 1.000000 1.000000 0.000000 0.000000 0.000000 0.643493 0.414220 0.099396
130 1.000000 1.000000 1.000000 0.000000 0.000000 0.000000 0.640426 0.410286 0.099296
140 1.000000 1.000000 1.000000 0.000000 0.000000 0.000000 0.641524 0.411688 0.099346
150 1.000000 1.000000 1.000000 0.000000 0.000000 0.000000 0.641971 0.412225 0.099387
160 1.000000 1.000000 1.000000 0.000000 0.000000 0.000000 0.641356 0.411455 0.099422
170 1.000000 1.000000 1.000000 0.000000 0.000000 0.000000 0.640696 0.410629 0.099400
180 1.000000 1.000000 1.000000 0.000000 0.000000 0.000000 0.639965 0.409671 0.099336
190 1.000000 1.000000 1.000000 0.000000 0.000000 0.000000 0.639412 0.408984 0.099266
200 1.000000 1.000000 1.000000 0.000000 0.000000 0.000000 0.638411 0.407701 0.099218
210 1.000000 1.000000 1.000000 0.000000 0.000000 0.000000 0.638410 0.407685 0.099307
220 1.000000 1.000000 1.000000 0.000000 0.000000 0.000000 0.638038 0.407232 0.099323
230 1.000000 1.000000 1.000000 0.000000 0.000000 0.000000 0.638085 0.407301 0.099343
240 1.000000 1.000000 1.000000 0.000000 0.000000 0.000000 0.636070 0.404731 0.099306
250 1.000000 1.000000 1.000000 0.000000 0.000000 0.000000 0.637744 0.406876 0.099354
260 1.000000 1.000000 1.000000 0.000000 0.000000 0.000000 0.636960 0.405862 0.099329
270 1.000000 1.000000 1.000000 0.000000 0.000000 0.000000 0.634973 0.403364 0.099294
280 1.000000 1.000000 1.000000 0.000000 0.000000 0.000000 0.636395 0.405145 0.099398
290 1.000000 1.000000 1.000000 0.000000 0.000000 0.000000 0.637039 0.405961 0.099419
300 1.000000 1.000000 1.000000 0.000000 0.000000 0.000000 0.634766 0.403077 0.099262
310 1.000000 1.000000 1.000000 0.000000 0.000000 0.000000 0.635326 0.403780 0.099352
320 1.000000 1.000000 1.000000 0.000000 0.000000 0.000000 0.632963 0.400800 0.099345
330 1.000000 1.000000 1.000000 0.000000 0.000000 0.000000 0.633521 0.401499 0.099414
340 1.000000 1.000000 1.000000 0.000000 0.000000 0.000000 0.632688 0.400454 0.099421
350 1.000000 1.000000 1.000000 0.000000 0.000000 0.000000 0.632118 0.399752 0.099447
360 1.000000 1.000000 1.000000 0.000000 0.000000 0.000000 0.631986 0.399552 0.099519
370 0.997297 0.997297 0.997297 0.000000 0.000000 0.000000 0.629457 0.397463 0.099200
380 1.000000 1.000000 1.000000 0.000000 0.000000 0.000000 0.631150 0.398490 0.099634
390 1.000000 1.000000 1.000000 0.000000 0.000000 0.000000 0.631663 0.399136 0.099603
400 1.000000 1.000000 1.000000 0.000000 0.000000 0.000000 0.628267 0.394880 0.099594
410 1.000000 1.000000 1.000000 0.000000 0.000000 0.000000 0.629984 0.397025 0.099671
420 0.997619 0.997619 0.997619 0.000000 0.000000 0.000000 0.627472 0.394817 0.099461
430 1.000000 1.000000 1.000000 0.000000 0.000000 0.000000 0.629748 0.396750 0.099873
440 0.997727 0.997727 0.997727 0.000000 0.000000 0.000000 0.626532 0.393626 0.099778
450 1.000000 1.000000 1.000000 0.000000 0.000000 0.000000 0.627837 0.394340 0.099817
460 1.000000 1.000000 1.000000 0.000000 0.000000 0.000000 0.627500 0.393904 0.100027
470 0.997872 0.997872 0.997872 0.000000 0.000000 0.000000 0.624906 0.391514 0.099791
480 1.000000 1.000000 1.000000 0.000000 0.000000 0.000000 0.626150 0.392238 0.100422
490 0.997959 0.997959 0.997959 0.000000 0.000000 0.000000 0.623818 0.390109 0.100117
500 1.000000 1.000000 1.000000 0.000000 0.000000 0.000000 0.623650 0.389140 0.100356
510 0.998039 0.998039 0.998039 0.000000 0.000000 0.000000 0.623441 0.389617 0.100293
520 1.000000 1.000000 1.000000 0.000000 0.000000 0.000000 0.623879 0.389411 0.100483
530 1.000000 1.000000 1.000000 0.000000 0.000000 0.000000 0.622653 0.387884 0.100757
540 1.000000 1.000000 1.000000 0.000000 0.000000 0.000000 0.622509 0.387710 0.101134
550 1.000000 1.000000 1.000000 0.000000 0.000000 0.000000 0.620412 0.385103 0.100855
560 0.998214 0.998214 0.998214 0.000000 0.000000 0.000000 0.619377 0.384510 0.101340
570 1.000000 1.000000 1.000000 0.000000 0.000000 0.000000 0.619719 0.384244 0.101303
580 0.996552 0.996552 0.996552 0.000000 0.000000 0.000000 0.617215 0.382458 0.101335
590 0.998305 0.998305 0.998305 0.000000 0.000000 0.000000 0.617932 0.382690 0.101857
600 1.000000 1.000000 1.000000 0.000000 0.000000 0.000000 0.616558 0.380340 0.102071
610 0.998361 0.998361 0.998361 0.000000 0.000000 0.000000 0.617106 0.381656 0.101952
620 1.000000 1.000000 1.000000 0.000000 0.000000 0.000000 0.614906 0.378308 0.102552
630 0.998413 0.998413 0.998413 0.000000 0.000000 0.000000 0.613983 0.377819 0.102844
640 0.998437 0.998437 0.998437 0.000000 0.000000 0.000000 0.612885 0.376446 0.103158
650 1.000000 1.000000 1.000000 0.000000 0.000000 0.000000 0.612482 0.375374 0.103656
660 0.996970 0.996970 0.996970 0.000000 0.000000 0.000000 0.608994 0.372113 0.105972
670 0.998507 0.998507 0.998507 0.000000 0.000000 0.000000 0.609751 0.372588 0.103860
680 0.997059 0.995588 0.995588 0.000000 0.000000 0.000000 0.606086 0.368832 0.106023
690 0.998551 0.998551 0.998551 0.000000 0.000000 0.000000 0.609773 0.372577 0.104114
700 0.984286 0.984286 0.982857 0.000000 0.000000 0.000000 0.595475 0.360159 0.115002
710 0.992958 0.992958 0.992958 0.000000 0.000000 0.000000 0.597979 0.360326 0.111515
720 0.984722 0.983333 0.981944 0.000000 0.000000 0.000000 0.593877 0.358070 0.115801
730 0.947945 0.947945 0.946575 0.000000 0.000000 0.000000 0.571290 0.343357 0.137734
740 0.970270 0.968919 0.967568 0.000000 0.000000 0.000000 0.582973 0.349807 0.126791
750 0.906667 0.906667 0.904000 0.000000 0.000000 0.000000 0.540042 0.320116 0.170265
760 0.877632 0.872368 0.863158 0.000000 0.000000 0.000000 0.518864 0.305125 0.193569
770 0.861039 0.861039 0.853247 0.000000 0.000000 0.000000 0.512487 0.301936 0.203204
780 0.862821 0.860256 0.857692 0.000000 0.000000 0.000000 0.513611 0.303454 0.202114
790 0.753165 0.746835 0.740506 0.000000 0.000000 0.000000 0.444304 0.258668 0.280178
800 0.685000 0.681250 0.675000 0.000000 0.000000 0.000000 0.406626 0.235797 0.327383
810 0.653086 0.653086 0.643210 0.000000 0.000000 0.000000 0.389252 0.224413 0.340130
820 0.684146 0.679268 0.667073 0.000000 0.000000 0.000000 0.401409 0.230334 0.328316
830 0.568675 0.565060 0.561446 0.000000 0.000000 0.000000 0.338966 0.193739 0.403319
840 0.548810 0.547619 0.534524 0.000000 0.000000 0.000000 0.325446 0.184941 0.414080
850 0.552941 0.550588 0.544706 0.000000 0.000000 0.000000 0.327169 0.185181 0.412202
860 0.325581 0.323256 0.317442 0.000000 0.000000 0.000000 0.198695 0.109352 0.583578
870 0.265517 0.263218 0.259770 0.000000 0.000000 0.000000 0.164042 0.088333 0.621436
880 0.367045 0.363636 0.352273 0.000000 0.000000 0.000000 0.218357 0.119209 0.549313
890 0.212360 0.210112 0.202247 0.000000 0.000000 0.000000 0.132217 0.068872 0.658875
900 0.221111 0.218889 0.214444 0.000000 0.000000 0.000000 0.138055 0.072767 0.657607
910 0.163736 0.162637 0.156044 0.000000 0.000000 0.000000 0.104705 0.052675 0.693841
920 0.139130 0.136957 0.135870 0.000000 0.000000 0.000000 0.091679 0.045290 0.715393
930 0.092473 0.092473 0.091398 0.000000 0.000000 0.000000 0.066246 0.030645 0.742317
940 0.071277 0.070213 0.069149 0.000000 0.000000 0.000000 0.053966 0.023224 0.780135
950 0.056842 0.055789 0.052632 0.000000 0.000000 0.000000 0.044596 0.017710 0.783627
960 0.029167 0.029167 0.029167 0.000000 0.000000 0.000000 0.030023 0.009499 0.814023
970 0.037113 0.036082 0.035052 0.000000 0.000000 0.000000 0.034042 0.011793 0.792005
980 0.023469 0.022449 0.022449 0.000000 0.000000 0.000000 0.026655 0.007644 0.825611
990 0.010101 0.010101 0.010101 0.000000 0.000000 0.000000 0.019618 0.003577 0.828107
1000 0.012000 0.012000 0.012000 0.000000 0.000000 0.000000 0.020523 0.004254 0.831151
1010 0.011881 0.011881 0.011881 0.000000 0.000000 0.000000 0.020451 0.003918 0.831363
20 1.000000 1.000000 1.000000 0.000000 0.000000 0.000000 1.159118 1.343590 0.199975
30 0.933333 0.933333 0.933333 0.000000 0.000000 0.000000 1.077243 1.243379 0.186650
40 1.000000 1.000000 1.000000 0.000000 0.000000 0.000000 1.147506 1.316809 0.199950
50 1.000000 1.000000 1.000000 0.000000 0.000000 0.000000 1.144005 1.308798 0.199970
60 1.000000 1.000000 1.000000 0.000000 0.000000 0.000000 1.143182 1.306916 0.199942
70 1.000000 1.000000 1.000000 0.000000 0.000000 0.000000 1.140965 1.301866 0.199986
80 1.000000 1.000000 1.000000 0.000000 0.000000 0.000000 1.138573 1.296407 0.199950
90 1.000000 1.000000 1.000000 0.000000 0.000000 0.000000 1.134682 1.287558 0.199956
100 1.000000 1.000000 1.000000 0.000000 0.000000 0.000000 1.134356 1.286810 0.199955
110 1.000000 1.000000 1.000000 0.000000 0.000000 0.000000 1.133265 1.284352 0.199936
120 1.000000 1.000000 1.000000 0.000000 0.000000 0.000000 1.132676 1.283015 0.199942
130 1.000000 1.000000 1.000000 0.000000 0.000000 0.000000 1.130741 1.278638 0.199950
140 1.000000 1.000000 1.000000 0.000000 0.000000 0.000000 1.129916 1.276765 0.199961
150 1.000000 1.000000 1.000000 0.000000 0.000000 0.000000 1.128029 1.272522 0.199933
160 1.000000 1.000000 1.000000 0.000000 0.000000 0.000000 1.125948 1.267830 0.199903
170 1.000000 1.000000 1.000000 0.000000 0.000000 0.000000 1.123368 1.262024 0.199938
180 1.000000 1.000000 1.000000 0.000000 0.000000 0.000000 1.124909 1.265491 0.199961
190 1.000000 1.000000 1.000000 0.000000 0.000000 0.000000 1.123439 1.262180 0.199934
200 1.000000 1.000000 1.000000 0.000000 0.000000 0.000000 1.120771 1.256210 0.199920
210 1.000000 1.000000 1.000000 0.000000 0.000000 0.000000 1.118100 1.250222 0.200021
220 1.000000 1.000000 1.000000 0.000000 0.000000 0.000000 1.116866 1.247466 0.200009
230 1.000000 1.000000 1.000000 0.000000 0.000000 0.000000 1.116303 1.246214 0.200004
240 1.000000 1.000000 1.000000 0.000000 0.000000 0.000000 1.114069 1.241229 0.200113
250 1.000000 1.000000 1.000000 0.000000 0.000000 0.000000 1.112822 1.238461 0.200150
260 1.000000 1.000000 1.000000 0.000000 0.000000 0.000000 1.112446 1.237642 0.200210
270 1.000000 1.000000 1.000000 0.000000 0.000000 0.000000 1.108953 1.229863 0.200189
280 1.000000 1.000000 1.000000 0.000000 0.000000 0.000000 1.107484 1.226621 0.200429
290 1.000000 1.000000 1.000000 0.000000 0.000000 0.000000 1.106864 1.225254 0.200450
300 1.000000 1.000000 1.000000 0.000000 0.000000 0.000000 1.103333 1.217452 0.200642
310 1.000000 1.000000 1.000000 0.000000 0.000000 0.000000 1.102222 1.215000 0.200637
320 1.000000 1.000000 1.000000 0.000000 0.000000 0.000000 1.100533 1.211270 0.200925
330 1.000000 1.000000 1.000000 0.000000 0.000000 0.000000 1.100616 1.211465 0.200971
340 1.000000 1.000000 1.000000 0.000000 0.000000 0.000000 1.095812 1.200935 0.201196
350 1.000000 1.000000 1.000000 0.000000 0.000000 0.000000 1.094321 1.197662 0.201486
360 1.000000 1.000000 1.000000 0.000000 0.000000 0.000000 1.092871 1.194497 0.201838
370 0.997297 0.997297 0.997297 0.000000 0.000000 0.000000 1.088010 1.187127 0.201459
380 1.000000 1.000000 1.000000 0.000000 0.000000 0.000000 1.086735 1.181143 0.202520
390 1.000000 1.000000 1.000000 0.000000 0.000000 0.000000 1.084788 1.176922 0.202562
400 1.000000 1.000000 1.000000 0.000000 0.000000 0.000000 1.082675 1.172343 0.202946
410 1.000000 1.000000 1.000000 0.000000 0.000000 0.000000 1.080518 1.167679 0.202717
420 0.997619 0.997619 0.997619 0.000000 0.000000 0.000000 1.074501 1.157513 0.203555
430 1.000000 1.000000 1.000000 0.000000 0.000000 0.000000 1.076586 1.159221 0.203915
440 0.995455 0.995455 0.995455 0.000000 0.000000 0.000000 1.064623 1.138574 0.206612
450 1.000000 1.000000 1.000000 0.000000 0.000000 0.000000 1.069072 1.143116 0.205084
460 1.000000 1.000000 1.000000 0.000000 0.000000 0.000000 1.062103 1.128351 0.206837
470 0.997872 0.997872 0.993617 0.000000 0.000000 0.000000 1.059395 1.125996 0.207369
480 0.989583 0.989583 0.989583 0.000000 0.000000 0.000000 1.040072 1.092603 0.215556
490 0.991837 0.991837 0.991837 0.000000 0.000000 0.000000 1.043313 1.097488 0.212693
500 0.994000 0.994000 0.994000 0.000000 0.000000 0.000000 1.040219 1.087773 0.213391
510 0.988235 0.988235 0.988235 0.000000 0.000000 0.000000 1.032988 1.079709 0.216171
520 0.967308 0.967308 0.967308 0.000000 0.000000 0.000000 1.002769 1.038420 0.232273
530 0.916981 0.916981 0.915094 0.000000 0.000000 0.000000 0.943710 0.968350 0.264801
540 0.875926 0.870370 0.866667 0.000000 0.000000 0.000000 0.893082 0.904154 0.291652
550 0.887273 0.880000 0.874545 0.000000 0.000000 0.000000 0.897651 0.907493 0.286655
560 0.700000 0.698214 0.694643 0.000000 0.000000 0.000000 0.713097 0.712036 0.401214
570 0.710526 0.707018 0.701754 0.000000 0.000000 0.000000 0.719679 0.715399 0.394861
580 0.548276 0.546552 0.539655 0.000000 0.000000 0.000000 0.555090 0.543206 0.501123
590 0.523729 0.523729 0.522034 0.000000 0.000000 0.000000 0.531497 0.520216 0.515969
600 0.431667 0.431667 0.430000 0.000000 0.000000 0.000000 0.437428 0.419158 0.567711
610 0.265574 0.260656 0.257377 0.000000 0.000000 0.000000 0.274132 0.257964 0.677119
620 0.327419 0.320968 0.309677 0.000000 0.000000 0.000000 0.327025 0.304488 0.646984
630 0.212698 0.211111 0.211111 0.000000 0.000000 0.000000 0.222114 0.203610 0.717422
640 0.085938 0.084375 0.084375 0.000000 0.000000 0.000000 0.098250 0.081105 0.798672
650 0.073846 0.070769 0.070769 0.000000 0.000000 0.000000 0.086595 0.068635 0.822378
660 0.054545 0.051515 0.051515 0.000000 0.000000 0.000000 0.067655 0.050680 0.832873
670 0.038806 0.038806 0.037313 0.000000 0.000000 0.000000 0.051939 0.034401 0.836175
680 0.025000 0.023529 0.022059 0.000000 0.000000 0.000000 0.039233 0.022907 0.842879
690 0.018841 0.018841 0.018841 0.000000 0.000000 0.000000 0.034015 0.017874 0.871911
700 0.011429 0.011429 0.011429 0.000000 0.000000 0.000000 0.027088 0.011256 0.863677
710 0.007042 0.007042 0.007042 0.000000 0.000000 0.000000 0.022644 0.006951 0.862568
720 0.005556 0.005556 0.004167 0.000000 0.000000 0.000000 0.020550 0.004434 0.882362
730 0.000000 0.000000 0.000000 0.000000 0.000000 0.000000 0.016069 0.000289 0.892439
740 0.000000 0.000000 0.000000 0.000000 0.000000 0.000000 0.015712 0.000275 0.883611
750 0.000000 0.000000 0.000000 0.000000 0.000000 0.000000 0.015814 0.000276 0.886279
760 0.000000 0.000000 0.000000 0.000000 0.000000 0.000000 0.016009 0.000284 0.894090
770 0.000000 0.000000 0.000000 0.000000 0.000000 0.000000 0.015954 0.000282 0.889773
780 0.000000 0.000000 0.000000 0.000000 0.000000 0.000000 0.015806 0.000278 0.897649
790 0.000000 0.000000 0.000000 0.000000 0.000000 0.000000 0.015875 0.000282 0.903977
800 0.001250 0.001250 0.001250 0.000000 0.000000 0.000000 0.016840 0.001439 0.887892
810 0.000000 0.000000 0.000000 0.000000 0.000000 0.000000 0.015887 0.000281 0.903974
820 0.000000 0.000000 0.000000 0.000000 0.000000 0.000000 0.015879 0.000277 0.904032
830 0.000000 0.000000 0.000000 0.000000 0.000000 0.000000 0.015687 0.000272 0.905114
840 0.000000 0.000000 0.000000 0.000000 0.000000 0.000000 0.015548 0.000267 0.907947
850 0.000000 0.000000 0.000000 0.000000 0.000000 0.000000 0.015575 0.000266 0.910215
860 0.000000 0.000000 0.000000 0.000000 0.000000 0.000000 0.015853 0.000278 0.910575
870 0.000000 0.000000 0.000000 0.000000 0.000000 0.000000 0.015833 0.000276 0.914071
880 0.000000 0.000000 0.000000 0.000000 0.000000 0.000000 0.015659 0.000270 0.911869
890 0.000000 0.000000 0.000000 0.000000 0.000000 0.000000 0.015746 0.000275 0.915644
900 0.000000 0.000000 0.000000 0.000000 0.000000 0.000000 0.015613 0.000268 0.919944
910 0.000000 0.000000 0.000000 0.000000 0.000000 0.000000 0.015918 0.000283 0.925788
920 0.000000 0.000000 0.000000 0.000000 0.000000 0.000000 0.015788 0.000274 0.919660
930 0.000000 0.000000 0.000000 0.000000 0.000000 0.000000 0.015774 0.000277 0.919053
940 0.000000 0.000000 0.000000 0.000000 0.000000 0.000000 0.015735 0.000274 0.921485
950 0.000000 0.000000 0.000000 0.000000 0.000000 0.000000 0.015938 0.000281 0.921269
960 0.000000 0.000000 0.000000 0.000000 0.000000 0.000000 0.015879 0.000280 0.933512
970 0.000000 0.000000 0.000000 0.000000 0.000000 0.000000 0.015535 0.000263 0.931989
980 0.000000 0.000000 0.000000 0.000000 0.000000 0.000000 0.016080 0.000285 0.922866
990 0.000000 0.000000 0.000000 0.000000 0.000000 0.000000 0.015794 0.000274 0.933290
1000 0.000000 0.000000 0.000000 0.000000 0.000000 0.000000 0.015830 0.000275 0.936939
1010 0.000000 0.000000 0.000000 0.000000 0.000000 0.000000 0.015822 0.000275 0.930046
20 1.000000 1.000000 1.000000 0.000000 0.000000 0.000000 1.558449 2.428772 0.300000
30 0.933333 0.933333 0.933333 0.000000 0.000000 0.000000 1.447768 2.245768 0.279983
40 1.000000 1.000000 1.000000 0.000000 0.000000 0.000000 1.546457 2.391545 0.299988
50 1.000000 1.000000 1.000000 0.000000 0.000000 0.000000 1.540655 2.373639 0.300000
60 1.000000 1.000000 1.000000 0.000000 0.000000 0.000000 1.534836 2.355754 0.300000
70 1.000000 1.000000 1.000000 0.000000 0.000000 0.000000 1.528645 2.336799 0.300000
80 1.000000 1.000000 1.000000 0.000000 0.000000 0.000000 1.527393 2.332964 0.299988
90 1.000000 1.000000 1.000000 0.000000 0.000000 0.000000 1.523186 2.320136 0.299989
100 1.000000 1.000000 1.000000 0.000000 0.000000 0.000000 1.520829 2.312961 0.299975
110 1.000000 1.000000 1.000000 0.000000 0.000000 0.000000 1.516325 2.299315 0.299977
120 1.000000 1.000000 1.000000 0.000000 0.000000 0.000000 1.514147 2.292706 0.299975
130 1.000000 1.000000 1.000000 0.000000 0.000000 0.000000 1.511155 2.283658 0.299969
140 1.000000 1.000000 1.000000 0.000000 0.000000 0.000000 1.508059 2.274302 0.299989
150 1.000000 1.000000 1.000000 0.000000 0.000000 0.000000 1.504608 2.263913 0.299970
160 1.000000 1.000000 1.000000 0.000000 0.000000 0.000000 1.500525 2.251647 0.300006
170 1.000000 1.000000 1.000000 0.000000 0.000000 0.000000 1.497762 2.243361 0.300012
180 1.000000 1.000000 1.000000 0.000000 0.000000 0.000000 1.494965 2.234999 0.300047
190 1.000000 1.000000 1.000000 0.000000 0.000000 0.000000 1.491557 2.224822 0.300013
200 1.000000 1.000000 1.000000 0.000000 0.000000 0.000000 1.487494 2.212769 0.300052
210 1.000000 1.000000 1.000000 0.000000 0.000000 0.000000 1.483128 2.199763 0.300190
220 1.000000 1.000000 1.000000 0.000000 0.000000 0.000000 1.479542 2.189161 0.300300
230 1.000000 1.000000 1.000000 0.000000 0.000000 0.000000 1.477385 2.182786 0.300300
240 1.000000 1.000000 1.000000 0.000000 0.000000 0.000000 1.471807 2.166328 0.300429
250 1.000000 1.000000 1.000000 0.000000 0.000000 0.000000 1.468099 2.155447 0.300686
260 1.000000 1.000000 1.000000 0.000000 0.000000 0.000000 1.463528 2.142067 0.300860
270 1.000000 1.000000 1.000000 0.000000 0.000000 0.000000 1.459343 2.129837 0.300874
280 1.000000 1.000000 1.000000 0.000000 0.000000 0.000000 1.453009 2.111379 0.301538
290 1.000000 1.000000 1.000000 0.000000 0.000000 0.000000 1.450668 2.104602 0.301519
300 1.000000 1.000000 1.000000 0.000000 0.000000 0.000000 1.444861 2.087814 0.302195
310 1.000000 1.000000 1.000000 0.000000 0.000000 0.000000 1.440755 2.075967 0.302505
320 1.000000 1.000000 1.000000 0.000000 0.000000 0.000000 1.436507 2.063779 0.302838
330 1.000000 1.000000 1.000000 0.000000 0.000000 0.000000 1.430787 2.047380 0.303045
340 1.000000 1.000000 1.000000 0.000000 0.000000 0.000000 1.423471 2.026523 0.303843
350 1.000000 1.000000 1.000000 0.000000 0.000000 0.000000 1.415141 2.002927 0.305079
360 1.000000 1.000000 1.000000 0.000000 0.000000 0.000000 1.407293 1.980938 0.306258
370 0.997297 0.997297 0.997297 0.000000 0.000000 0.000000 1.403218 1.974788 0.305553
380 0.994737 0.994737 0.994737 0.000000 0.000000 0.000000 1.384908 1.925789 0.310670
390 1.000000 1.000000 1.000000 0.000000 0.000000 0.000000 1.387098 1.924623 0.308641
400 0.997500 0.997500 0.997500 0.000000 0.000000 0.000000 1.377140 1.901323 0.310538
410 1.000000 1.000000 1.000000 0.000000 0.000000 0.000000 1.374978 1.891339 0.310124
420 0.935714 0.935714 0.933333 0.000000 0.000000 0.000000 1.267221 1.713101 0.345989
430 0.983721 0.983721 0.983721 0.000000 0.000000 0.000000 1.327750 1.790499 0.322553
440 0.838636 0.838636 0.834091 0.000000 0.000000 0.000000 1.112334 1.466516 0.402524
450 0.911111 0.911111 0.911111 0.000000 0.000000 0.000000 1.206144 1.593063 0.364549
460 0.717391 0.710870 0.708696 0.000000 0.000000 0.000000 0.943010 1.222853 0.465470
470 0.746809 0.736170 0.727660 0.000000 0.000000 0.000000 0.972368 1.255674 0.453553
480 0.416667 0.416667 0.408333 0.000000 0.000000 0.000000 0.549111 0.687024 0.637899
490 0.318367 0.318367 0.312245 0.000000 0.000000 0.000000 0.423048 0.523774 0.697797
500 0.400000 0.396000 0.384000 0.000000 0.000000 0.000000 0.516736 0.639182 0.646802
510 0.250980 0.250980 0.249020 0.000000 0.000000 0.000000 0.332941 0.404533 0.737342
520 0.138462 0.134615 0.126923 0.000000 0.000000 0.000000 0.189896 0.213120 0.801967
530 0.096226 0.096226 0.092453 0.000000 0.000000 0.000000 0.136767 0.148687 0.826067
540 0.075926 0.074074 0.072222 0.000000 0.000000 0.000000 0.110253 0.115153 0.841878
550 0.050909 0.050909 0.049091 0.000000 0.000000 0.000000 0.078928 0.077202 0.849682
560 0.014286 0.014286 0.012500 0.000000 0.000000 0.000000 0.035696 0.022105 0.880146
570 0.021053 0.021053 0.021053 0.000000 0.000000 0.000000 0.044152 0.033420 0.879099
580 0.006897 0.006897 0.006897 0.000000 0.000000 0.000000 0.026514 0.011467 0.907028
590 0.005085 0.005085 0.005085 0.000000 0.000000 0.000000 0.023363 0.007626 0.898588
600 0.008333 0.008333 0.006667 0.000000 0.000000 0.000000 0.026788 0.011867 0.899518
610 0.001639 0.001639 0.001639 0.000000 0.000000 0.000000 0.019047 0.002687 0.893520
620 0.001613 0.001613 0.001613 0.000000 0.000000 0.000000 0.019385 0.002745 0.914454
630 0.001587 0.001587 0.001587 0.000000 0.000000 0.000000 0.019127 0.002640 0.906958
640 0.000000 0.000000 0.000000 0.000000 0.000000 0.000000 0.017393 0.000339 0.912136
650 0.000000 0.000000 0.000000 0.000000 0.000000 0.000000 0.017281 0.000333 0.906690
660 0.000000 0.000000 0.000000 0.000000 0.000000 0.000000 0.017515 0.000348 0.921306
670 0.000000 0.000000 0.000000 0.000000 0.000000 0.000000 0.017314 0.000335 0.921704
680 0.000000 0.000000 0.000000 0.000000 0.000000 0.000000 0.017293 0.000333 0.915162
690 0.000000 0.000000 0.000000 0.000000 0.000000 0.000000 0.017250 0.000332 0.923041
700 0.000000 0.000000 0.000000 0.000000 0.000000 0.000000 0.017345 0.000335 0.927980
710 0.000000 0.000000 0.000000 0.000000 0.000000 0.000000 0.017142 0.000333 0.920174
720 0.000000 0.000000 0.000000 0.000000 0.000000 0.000000 0.017586 0.000343 0.937503
730 0.000000 0.000000 0.000000 0.000000 0.000000 0.000000 0.017601 0.000348 0.934064
740 0.000000 0.000000 0.000000 0.000000 0.000000 0.000000 0.017030 0.000323 0.936459
750 0.000000 0.000000 0.000000 0.000000 0.000000 0.000000 0.017212 0.000331 0.935563
760 0.000000 0.000000 0.000000 0.000000 0.000000 0.000000 0.016991 0.000320 0.925966
770 0.000000 0.000000 0.000000 0.000000 0.000000 0.000000 0.017311 0.000334 0.936326
780 0.000000 0.000000 0.000000 0.000000 0.000000 0.000000 0.017271 0.000331 0.937079
790 0.000000 0.000000 0.000000 0.000000 0.000000 0.000000 0.017375 0.000335 0.937799
800 0.000000 0.000000 0.000000 0.000000 0.000000 0.000000 0.017089 0.000325 0.937838
810 0.000000 0.000000 0.000000 0.000000 0.000000 0.000000 0.017228 0.000330 0.945839
820 0.000000 0.000000 0.000000 0.000000 0.000000 0.000000 0.017169 0.000326 0.948399
830 0.000000 0.000000 0.000000 0.000000 0.000000 0.000000 0.016845 0.000314 0.940200
840 0.000000 0.000000 0.000000 0.000000 0.000000 0.000000 0.016813 0.000312 0.949330
850 0.000000 0.000000 0.000000 0.000000 0.000000 0.000000 0.016996 0.000317 0.951962
860 0.000000 0.000000 0.000000 0.000000 0.000000 0.000000 0.017347 0.000332 0.949514
870 0.000000 0.000000 0.000000 0.000000 0.000000 0.000000 0.017209 0.000328 0.952409
880 0.000000 0.000000 0.000000 0.000000 0.000000 0.000000 0.017174 0.000324 0.951355
890 0.000000 0.000000 0.000000 0.000000 0.000000 0.000000 0.017103 0.000326 0.958642
900 0.000000 0.000000 0.000000 0.000000 0.000000 0.000000 0.017284 0.000330 0.955473
910 0.000000 0.000000 0.000000 0.000000 0.000000 0.000000 0.017360 0.000336 0.952748
920 0.000000 0.000000 0.000000 0.000000 0.000000 0.000000 0.017071 0.000321 0.954272
930 0.000000 0.000000 0.000000 0.000000 0.000000 0.000000 0.017182 0.000327 0.958980
940 0.000000 0.000000 0.000000 0.000000 0.000000 0.000000 0.017173 0.000329 0.960269
950 0.000000 0.000000 0.000000 0.000000 0.000000 0.000000 0.017191 0.000328 0.951727
960 0.000000 0.000000 0.000000 0.000000 0.000000 0.000000 0.017161 0.000327 0.958976
970 0.000000 0.000000 0.000000 0.000000 0.000000 0.000000 0.017109 0.000324 0.959708
980 0.000000 0.000000 0.000000 0.000000 0.000000 0.000000 0.017447 0.000336 0.960463
990 0.000000 0.000000 0.000000 0.000000 0.000000 0.000000 0.017190 0.000326 0.961813
1000 0.000000 0.000000 0.000000 0.000000 0.000000 0.000000 0.017202 0.000325 0.965200
1010 0.000000 0.000000 0.000000 0.000000 0.000000 0.000000 0.017007 0.000319 0.963444
20 1.000000 1.000000 1.000000 0.000000 0.000000 0.000000 1.884787 3.552434 0.400000
30 0.933333 0.933333 0.933333 0.000000 0.000000 0.000000 1.748098 3.274131 0.373333
40 1.000000 1.000000 1.000000 0.000000 0.000000 0.000000 1.866242 3.482880 0.400000
50 1.000000 1.000000 1.000000 0.000000 0.000000 0.000000 1.862025 3.467173 0.400000
60 1.000000 1.000000 1.000000 0.000000 0.000000 0.000000 1.852459 3.431631 0.399992
70 1.000000 1.000000 1.000000 0.000000 0.000000 0.000000 1.848320 3.416325 0.399993
80 1.000000 1.000000 1.000000 0.000000 0.000000 0.000000 1.841247 3.390239 0.399981
90 1.000000 1.000000 1.000000 0.000000 0.000000 0.000000 1.833489 3.361749 0.399994
100 1.000000 1.000000 1.000000 0.000000 0.000000 0.000000 1.828929 3.345055 0.399965
110 1.000000 1.000000 1.000000 0.000000 0.000000 0.000000 1.822745 3.322478 0.399973
120 1.000000 1.000000 1.000000 0.000000 0.000000 0.000000 1.815995 3.297908 0.399942
130 1.000000 1.000000 1.000000 0.000000 0.000000 0.000000 1.809686 3.275066 0.399854
140 1.000000 1.000000 1.000000 0.000000 0.000000 0.000000 1.803645 3.253218 0.399939
150 1.000000 1.000000 1.000000 0.000000 0.000000 0.000000 1.796574 3.227801 0.399800
160 1.000000 1.000000 1.000000 0.000000 0.000000 0.000000 1.790451 3.205823 0.399913
170 1.000000 1.000000 1.000000 0.000000 0.000000 0.000000 1.785924 3.189660 0.399888
180 1.000000 1.000000 1.000000 0.000000 0.000000 0.000000 1.777350 3.159114 0.399972
190 1.000000 1.000000 1.000000 0.000000 0.000000 0.000000 1.770586 3.135110 0.399916
200 1.000000 1.000000 1.000000 0.000000 0.000000 0.000000 1.764046 3.112021 0.399965
210 1.000000 1.000000 1.000000 0.000000 0.000000 0.000000 1.756075 3.083985 0.399969
220 1.000000 1.000000 1.000000 0.000000 0.000000 0.000000 1.746257 3.049604 0.400080
230 1.000000 1.000000 1.000000 0.000000 0.000000 0.000000 1.743402 3.039648 0.400226
240 1.000000 1.000000 1.000000 0.000000 0.000000 0.000000 1.732779 3.002766 0.400396
250 1.000000 1.000000 1.000000 0.000000 0.000000 0.000000 1.726813 2.982098 0.400602
260 1.000000 1.000000 1.000000 0.000000 0.000000 0.000000 1.714770 2.940701 0.401258
270 1.000000 1.000000 1.000000 0.000000 0.000000 0.000000 1.707573 2.916097 0.401211
280 1.000000 1.000000 1.000000 0.000000 0.000000 0.000000 1.697713 2.882606 0.402014
290 1.000000 1.000000 1.000000 0.000000 0.000000 0.000000 1.691912 2.862919 0.402034
300 1.000000 1.000000 1.000000 0.000000 0.000000 0.000000 1.678102 2.816479 0.402935
310 1.000000 1.000000 1.000000 0.000000 0.000000 0.000000 1.670577 2.791310 0.403394
320 1.000000 1.000000 1.000000 0.000000 0.000000 0.000000 1.661452 2.760943 0.404097
330 1.000000 1.000000 1.000000 0.000000 0.000000 0.000000 1.651548 2.728301 0.404271
340 1.000000 1.000000 1.000000 0.000000 0.000000 0.000000 1.632763 2.666855 0.405834
350 1.000000 1.000000 1.000000 0.000000 0.000000 0.000000 1.616196 2.613276 0.408353
360 0.988889 0.988889 0.986111 0.000000 0.000000 0.000000 1.582041 2.527281 0.413024
370 0.989189 0.989189 0.989189 0.000000 0.000000 0.000000 1.576070 2.512828 0.413872
380 0.834211 0.831579 0.828947 0.000000 0.000000 0.000000 1.301332 2.015711 0.485321
390 0.912821 0.910256 0.905128 0.000000 0.000000 0.000000 1.415155 2.181609 0.449897
400 0.825000 0.825000 0.810000 0.000000 0.000000 0.000000 1.260331 1.908813 0.489766
410 0.760976 0.756098 0.741463 0.000000 0.000000 0.000000 1.157863 1.743005 0.517539
420 0.435714 0.433333 0.430952 0.000000 0.000000 0.000000 0.669777 0.986407 0.671473
430 0.437209 0.437209 0.434884 0.000000 0.000000 0.000000 0.667461 0.981684 0.671931
440 0.193182 0.193182 0.181818 0.000000 0.000000 0.000000 0.300677 0.416776 0.799031
450 0.322222 0.317778 0.311111 0.000000 0.000000 0.000000 0.484199 0.683277 0.722862
460 0.132609 0.132609 0.130435 0.000000 0.000000 0.000000 0.210705 0.278283 0.831072
470 0.121277 0.119149 0.114894 0.000000 0.000000 0.000000 0.192541 0.252624 0.822915
480 0.043750 0.043750 0.041667 0.000000 0.000000 0.000000 0.081075 0.088955 0.874459
490 0.012245 0.012245 0.012245 0.000000 0.000000 0.000000 0.035334 0.022896 0.892233
500 0.036000 0.036000 0.034000 0.000000 0.000000 0.000000 0.069134 0.071045 0.880423
510 0.015686 0.015686 0.013725 0.000000 0.000000 0.000000 0.039745 0.030461 0.903465
520 0.003846 0.003846 0.003846 0.000000 0.000000 0.000000 0.024142 0.007812 0.911147
530 0.001887 0.001887 0.001887 0.000000 0.000000 0.000000 0.021243 0.004024 0.919329
540 0.003704 0.003704 0.003704 0.000000 0.000000 0.000000 0.024392 0.008019 0.913029
550 0.000000 0.000000 0.000000 0.000000 0.000000 0.000000 0.018250 0.000368 0.920389
560 0.000000 0.000000 0.000000 0.000000 0.000000 0.000000 0.018663 0.000394 0.921951
570 0.000000 0.000000 0.000000 0.000000 0.000000 0.000000 0.018798 0.000394 0.921260
580 0.000000 0.000000 0.000000 0.000000 0.000000 0.000000 0.018671 0.000394 0.942039
590 0.000000 0.000000 0.000000 0.000000 0.000000 0.000000 0.018247 0.000372 0.925573
600 0.000000 0.000000 0.000000 0.000000 0.000000 0.000000 0.018318 0.000374 0.936053
610 0.000000 0.000000 0.000000 0.000000 0.000000 0.000000 0.018121 0.000368 0.933245
620 0.000000 0.000000 0.000000 0.000000 0.000000 0.000000 0.018287 0.000376 0.938979
630 0.000000 0.000000 0.000000 0.000000 0.000000 0.000000 0.018107 0.000371 0.935328
640 0.000000 0.000000 0.000000 0.000000 0.000000 0.000000 0.018025 0.000363 0.941146
650 0.000000 0.000000 0.000000 0.000000 0.000000 0.000000 0.018114 0.000366 0.938641
660 0.000000 0.000000 0.000000 0.000000 0.000000 0.000000 0.018380 0.000379 0.945195
670 0.000000 0.000000 0.000000 0.000000 0.000000 0.000000 0.018092 0.000365 0.950643
680 0.000000 0.000000 0.000000 0.000000 0.000000 0.000000 0.017954 0.000361 0.943225
690 0.000000 0.000000 0.000000 0.000000 0.000000 0.000000 0.018086 0.000368 0.952312
700 0.000000 0.000000 0.000000 0.000000 0.000000 0.000000 0.018347 0.000378 0.953359
710 0.000000 0.000000 0.000000 0.000000 0.000000 0.000000 0.017636 0.000356 0.949425
720 0.000000 0.000000 0.000000 0.000000 0.000000 0.000000 0.018565 0.000385 0.959701
730 0.000000 0.000000 0.000000 0.000000 0.000000 0.000000 0.018496 0.000385 0.959846
740 0.000000 0.000000 0.000000 0.000000 0.000000 0.000000 0.018240 0.000368 0.958851
750 0.000000 0.000000 0.000000 0.000000 0.000000 0.000000 0.018114 0.000368 0.961705
760 0.000000 0.000000 0.000000 0.000000 0.000000 0.000000 0.018134 0.000364 0.954710
770 0.000000 0.000000 0.000000 0.000000 0.000000 0.000000 0.017949 0.000356 0.961958
780 0.000000 0.000000 0.000000 0.000000 0.000000 0.000000 0.018229 0.000372 0.957542
790 0.000000 0.000000 0.000000 0.000000 0.000000 0.000000 0.018087 0.000366 0.957483
800 0.000000 0.000000 0.000000 0.000000 0.000000 0.000000 0.017975 0.000360 0.964084
810 0.000000 0.000000 0.000000 0.000000 0.000000 0.000000 0.018217 0.000373 0.964120
820 0.000000 0.000000 0.000000 0.000000 0.000000 0.000000 0.018301 0.000373 0.965041
830 0.000000 0.000000 0.000000 0.000000 0.000000 0.000000 0.018050 0.000361 0.963048
840 0.000000 0.000000 0.000000 0.000000 0.000000 0.000000 0.017945 0.000356 0.969073
850 0.000000 0.000000 0.000000 0.000000 0.000000 0.000000 0.018013 0.000361 0.970776
860 0.000000 0.000000 0.000000 0.000000 0.000000 0.000000 0.018360 0.000375 0.964409
870 0.000000 0.000000 0.000000 0.000000 0.000000 0.000000 0.018088 0.000364 0.970949
880 0.000000 0.000000 0.000000 0.000000 0.000000 0.000000 0.018262 0.000368 0.976765
890 0.000000 0.000000 0.000000 0.000000 0.000000 0.000000 0.018152 0.000367 0.970287
900 0.000000 0.000000 0.000000 0.000000 0.000000 0.000000 0.018102 0.000365 0.972306
910 0.000000 0.000000 0.000000 0.000000 0.000000 0.000000 0.018319 0.000371 0.974545
920 0.000000 0.000000 0.000000 0.000000 0.000000 0.000000 0.018218 0.000368 0.973149
930 0.000000 0.000000 0.000000 0.000000 0.000000 0.000000 0.018059 0.000362 0.974605
940 0.000000 0.000000 0.000000 0.000000 0.000000 0.000000 0.017978 0.000361 0.973393
950 0.000000 0.000000 0.000000 0.000000 0.000000 0.000000 0.018165 0.000365 0.968912
960 0.000000 0.000000 0.000000 0.000000 0.000000 0.000000 0.017952 0.000358 0.972415
970 0.000000 0.000000 0.000000 0.000000 0.000000 0.000000 0.017881 0.000355 0.976309
980 0.000000 0.000000 0.000000 0.000000 0.000000 0.000000 0.018168 0.000369 0.971313
990 0.000000 0.000000 0.000000 0.000000 0.000000 0.000000 0.018050 0.000361 0.975070
1000 0.000000 0.000000 0.000000 0.000000 0.000000 0.000000 0.018074 0.000363 0.978990
1010 0.000000 0.000000 0.000000 0.000000 0.000000 0.000000 0.017992 0.000359 0.975770
20 1.000000 1.000000 1.000000 0.000000 0.000000 0.000000 2.153660 4.638265 0.500000
30 0.933333 0.933333 0.933333 0.000000 0.000000 0.000000 1.995705 4.267339 0.466667
40 1.000000 1.000000 1.000000 0.000000 0.000000 0.000000 2.128813 4.531877 0.500000
50 1.000000 1.000000 1.000000 0.000000 0.000000 0.000000 2.121590 4.501186 0.499990
60 1.000000 1.000000 1.000000 0.000000 0.000000 0.000000 2.107147 4.440116 0.499992
70 1.000000 1.000000 1.000000 0.000000 0.000000 0.000000 2.097040 4.397648 0.499964
80 1.000000 1.000000 1.000000 0.000000 0.000000 0.000000 2.085061 4.347561 0.499988
90 1.000000 1.000000 1.000000 0.000000 0.000000 0.000000 2.076264 4.310933 0.499917
100 1.000000 1.000000 1.000000 0.000000 0.000000 0.000000 2.064566 4.262558 0.499830
110 1.000000 1.000000 1.000000 0.000000 0.000000 0.000000 2.054940 4.222894 0.499805
120 1.000000 1.000000 1.000000 0.000000 0.000000 0.000000 2.043101 4.174372 0.499717
130 0.992308 0.984615 0.984615 0.000000 0.000000 0.000000 2.011386 4.082179 0.494965
140 1.000000 1.000000 1.000000 0.000000 0.000000 0.000000 2.023071 4.092953 0.499579
150 0.986667 0.986667 0.986667 0.000000 0.000000 0.000000 1.991618 4.000666 0.495107
160 1.000000 1.000000 1.000000 0.000000 0.000000 0.000000 1.999042 3.996389 0.499328
170 1.000000 1.000000 1.000000 0.000000 0.000000 0.000000 1.990252 3.961290 0.499197
180 1.000000 1.000000 1.000000 0.000000 0.000000 0.000000 1.979218 3.917527 0.499167
190 1.000000 0.994737 0.994737 0.000000 0.000000 0.000000 1.964600 3.862563 0.498247
200 1.000000 0.995000 0.995000 0.000000 0.000000 0.000000 1.950732 3.809240 0.498280
210 1.000000 1.000000 1.000000 0.000000 0.000000 0.000000 1.944578 3.781678 0.498774
220 1.000000 1.000000 1.000000 0.000000 0.000000 0.000000 1.931018 3.729160 0.498514
230 0.995652 0.995652 0.995652 0.000000 0.000000 0.000000 1.910774 3.667297 0.496341
240 1.000000 1.000000 1.000000 0.000000 0.000000 0.000000 1.902977 3.621718 0.498579
250 1.000000 1.000000 1.000000 0.000000 0.000000 0.000000 1.895753 3.594321 0.498410
260 1.000000 1.000000 1.000000 0.000000 0.000000 0.000000 1.875680 3.518719 0.499046
270 1.000000 1.000000 1.000000 0.000000 0.000000 0.000000 1.865329 3.480077 0.498604
280 0.996429 0.996429 0.996429 0.000000 0.000000 0.000000 1.835697 3.382824 0.497857
290 1.000000 1.000000 1.000000 0.000000 0.000000 0.000000 1.837925 3.378786 0.499238
300 1.000000 1.000000 1.000000 0.000000 0.000000 0.000000 1.805350 3.260728 0.500292
310 0.996774 0.996774 0.996774 0.000000 0.000000 0.000000 1.791973 3.222987 0.498447
320 1.000000 1.000000 1.000000 0.000000 0.000000 0.000000 1.775081 3.152963 0.500725
330 0.990909 0.990909 0.987879 0.000000 0.000000 0.000000 1.745831 3.078014 0.498517
340 0.976471 0.973529 0.967647 0.000000 0.000000 0.000000 1.684351 2.907412 0.507053
350 0.922857 0.920000 0.902857 0.000000 0.000000 0.000000 1.569012 2.668820 0.523059
360 0.813889 0.813889 0.797222 0.000000 0.000000 0.000000 1.374810 2.294199 0.565633
370 0.718919 0.718919 0.700000 0.000000 0.000000 0.000000 1.208568 2.004364 0.602314
380 0.500000 0.500000 0.481579 0.000000 0.000000 0.000000 0.832999 1.340142 0.680471
390 0.530769 0.523077 0.484615 0.000000 0.000000 0.000000 0.864144 1.363677 0.676099
400 0.265000 0.262500 0.247500 0.000000 0.000000 0.000000 0.436729 0.666649 0.777759
410 0.256098 0.253659 0.219512 0.000000 0.000000 0.000000 0.415750 0.623096 0.784237
420 0.085714 0.085714 0.083333 0.000000 0.000000 0.000000 0.154660 0.215085 0.871024
430 0.083721 0.081395 0.069767 0.000000 0.000000 0.000000 0.148896 0.199408 0.863698
440 0.015909 0.015909 0.015909 0.000000 0.000000 0.000000 0.043594 0.037405 0.912753
450 0.017778 0.017778 0.015556 0.000000 0.000000 0.000000 0.045893 0.041511 0.902148
460 0.004348 0.004348 0.004348 0.000000 0.000000 0.000000 0.025627 0.010343 0.926551
470 0.006383 0.006383 0.006383 0.000000 0.000000 0.000000 0.028208 0.015394 0.907557
480 0.000000 0.000000 0.000000 0.000000 0.000000 0.000000 0.019510 0.000429 0.921806
490 0.000000 0.000000 0.000000 0.000000 0.000000 0.000000 0.019075 0.000411 0.922458
500 0.000000 0.000000 0.000000 0.000000 0.000000 0.000000 0.018954 0.000399 0.923675
510 0.000000 0.000000 0.000000 0.000000 0.000000 0.000000 0.018958 0.000407 0.932357
520 0.000000 0.000000 0.000000 0.000000 0.000000 0.000000 0.018930 0.000402 0.933465
530 0.000000 0.000000 0.000000 0.000000 0.000000 0.000000 0.019204 0.000418 0.942043
540 0.000000 0.000000 0.000000 0.000000 0.000000 0.000000 0.019433 0.000428 0.941337
550 0.000000 0.000000 0.000000 0.000000 0.000000 0.000000 0.018673 0.000388 0.929319
560 0.000000 0.000000 0.000000 0.000000 0.000000 0.000000 0.019045 0.000407 0.944416
570 0.000000 0.000000 0.000000 0.000000 0.000000 0.000000 0.019071 0.000406 0.945151
580 0.000000 0.000000 0.000000 0.000000 0.000000 0.000000 0.019284 0.000416 0.960981
590 0.000000 0.000000 0.000000 0.000000 0.000000 0.000000 0.018501 0.000386 0.953188
600 0.000000 0.000000 0.000000 0.000000 0.000000 0.000000 0.018739 0.000391 0.951247
610 0.000000 0.000000 0.000000 0.000000 0.000000 0.000000 0.018612 0.000384 0.950163
620 0.000000 0.000000 0.000000 0.000000 0.000000 0.000000 0.018887 0.000400 0.954665
630 0.000000 0.000000 0.000000 0.000000 0.000000 0.000000 0.018754 0.000395 0.947160
640 0.000000 0.000000 0.000000 0.000000 0.000000 0.000000 0.018835 0.000398 0.962034
650 0.000000 0.000000 0.000000 0.000000 0.000000 0.000000 0.018758 0.000395 0.960232
660 0.000000 0.000000 0.000000 0.000000 0.000000 0.000000 0.018866 0.000401 0.965676
670 0.000000 0.000000 0.000000 0.000000 0.000000 0.000000 0.018757 0.000394 0.963274
680 0.000000 0.000000 0.000000 0.000000 0.000000 0.000000 0.018840 0.000397 0.961787
690 0.000000 0.000000 0.000000 0.000000 0.000000 0.000000 0.018563 0.000386 0.965298
700 0.000000 0.000000 0.000000 0.000000 0.000000 0.000000 0.019137 0.000414 0.962756
710 0.000000 0.000000 0.000000 0.000000 0.000000 0.000000 0.018441 0.000385 0.961369
720 0.000000 0.000000 0.000000 0.000000 0.000000 0.000000 0.019491 0.000425 0.966565
730 0.000000 0.000000 0.000000 0.000000 0.000000 0.000000 0.018849 0.000401 0.971078
740 0.000000 0.000000 0.000000 0.000000 0.000000 0.000000 0.018685 0.000388 0.966781
750 0.000000 0.000000 0.000000 0.000000 0.000000 0.000000 0.018798 0.000392 0.972890
760 0.000000 0.000000 0.000000 0.000000 0.000000 0.000000 0.019064 0.000407 0.969174
770 0.000000 0.000000 0.000000 0.000000 0.000000 0.000000 0.018533 0.000380 0.969809
780 0.000000 0.000000 0.000000 0.000000 0.000000 0.000000 0.018898 0.000401 0.970687
790 0.000000 0.000000 0.000000 0.000000 0.000000 0.000000 0.018667 0.000388 0.970173
800 0.000000 0.000000 0.000000 0.000000 0.000000 0.000000 0.018520 0.000382 0.973554
810 0.000000 0.000000 0.000000 0.000000 0.000000 0.000000 0.018617 0.000392 0.974807
820 0.000000 0.000000 0.000000 0.000000 0.000000 0.000000 0.018723 0.000391 0.973469
830 0.000000 0.000000 0.000000 0.000000 0.000000 0.000000 0.018644 0.000384 0.970798
840 0.000000 0.000000 0.000000 0.000000 0.000000 0.000000 0.018456 0.000379 0.975337
850 0.000000 0.000000 0.000000 0.000000 0.000000 0.000000 0.018629 0.000382 0.983641
860 0.000000 0.000000 0.000000 0.000000 0.000000 0.000000 0.018950 0.000399 0.978181
870 0.000000 0.000000 0.000000 0.000000 0.000000 0.000000 0.018449 0.000378 0.978637
880 0.000000 0.000000 0.000000 0.000000 0.000000 0.000000 0.018772 0.000391 0.977475
890 0.000000 0.000000 0.000000 0.000000 0.000000 0.000000 0.018585 0.000387 0.975788
900 0.000000 0.000000 0.000000 0.000000 0.000000 0.000000 0.018445 0.000378 0.978614
910 0.000000 0.000000 0.000000 0.000000 0.000000 0.000000 0.018740 0.000391 0.981494
920 0.000000 0.000000 0.000000 0.000000 0.000000 0.000000 0.018566 0.000382 0.980862
930 0.000000 0.000000 0.000000 0.000000 0.000000 0.000000 0.018715 0.000390 0.979158
940 0.000000 0.000000 0.000000 0.000000 0.000000 0.000000 0.018545 0.000385 0.981124
950 0.000000 0.000000 0.000000 0.000000 0.000000 0.000000 0.018610 0.000383 0.976699
960 0.000000 0.000000 0.000000 0.000000 0.000000 0.000000 0.018356 0.000374 0.983856
970 0.000000 0.000000 0.000000 0.000000 0.000000 0.000000 0.018419 0.000374 0.986460
980 0.000000 0.000000 0.000000 0.000000 0.000000 0.000000 0.018802 0.000391 0.981659
990 0.000000 0.000000 0.000000 0.000000 0.000000 0.000000 0.018421 0.000374 0.983342
1000 0.000000 0.000000 0.000000 0.000000 0.000000 0.000000 0.018621 0.000383 0.982878
1010 0.000000 0.000000 0.000000 0.000000 0.000000 0.000000 0.018491 0.000380 0.983253
20 1.000000 1.000000 1.000000 0.000000 0.000000 0.000000 2.354501 5.543679 0.600000
30 0.933333 0.933333 0.933333 0.000000 0.000000 0.000000 2.180951 5.096324 0.560000
40 1.000000 1.000000 1.000000 0.000000 0.000000 0.000000 2.326638 5.413288 0.600000
50 1.000000 1.000000 1.000000 0.000000 0.000000 0.000000 2.311969 5.345245 0.599980
60 1.000000 1.000000 1.000000 0.000000 0.000000 0.000000 2.294107 5.263009 0.599983
70 1.000000 1.000000 1.000000 0.000000 0.000000 0.000000 2.278877 5.193352 0.599886
80 1.000000 1.000000 1.000000 0.000000 0.000000 0.000000 2.260660 5.110700 0.599881
90 1.000000 1.000000 1.000000 0.000000 0.000000 0.000000 2.244334 5.037169 0.599728
100 1.000000 1.000000 1.000000 0.000000 0.000000 0.000000 2.225984 4.955166 0.599545
110 1.000000 1.000000 1.000000 0.000000 0.000000 0.000000 2.211234 4.889716 0.599364
120 1.000000 1.000000 1.000000 0.000000 0.000000 0.000000 2.193632 4.812216 0.599079
130 0.984615 0.984615 0.984615 0.000000 0.000000 0.000000 2.145798 4.676623 0.589538
140 1.000000 1.000000 1.000000 0.000000 0.000000 0.000000 2.163877 4.682622 0.598361
150 0.986667 0.986667 0.986667 0.000000 0.000000 0.000000 2.119989 4.555382 0.590007
160 1.000000 1.000000 1.000000 0.000000 0.000000 0.000000 2.128121 4.529234 0.597319
170 1.000000 1.000000 1.000000 0.000000 0.000000 0.000000 2.114196 4.470084 0.596779
180 1.000000 1.000000 1.000000 0.000000 0.000000 0.000000 2.093605 4.383606 0.596114
190 0.994737 0.994737 0.994737 0.000000 0.000000 0.000000 2.071094 4.312521 0.592466
200 0.995000 0.995000 0.995000 0.000000 0.000000 0.000000 2.052098 4.232875 0.592048
210 1.000000 1.000000 1.000000 0.000000 0.000000 0.000000 2.045587 4.184929 0.594143
220 1.000000 1.000000 1.000000 0.000000 0.000000 0.000000 2.024867 4.100608 0.593461
230 0.995652 0.995652 0.995652 0.000000 0.000000 0.000000 1.999674 4.016848 0.590228
240 1.000000 1.000000 1.000000 0.000000 0.000000 0.000000 1.984904 3.940732 0.592281
250 1.000000 1.000000 1.000000 0.000000 0.000000 0.000000 1.970762 3.884864 0.591306
260 1.000000 1.000000 1.000000 0.000000 0.000000 0.000000 1.936181 3.750007 0.590990
270 1.000000 1.000000 1.000000 0.000000 0.000000 0.000000 1.923466 3.701154 0.589513
280 0.996429 0.996429 0.996429 0.000000 0.000000 0.000000 1.873881 3.527171 0.588136
290 1.000000 1.000000 1.000000 0.000000 0.000000 0.000000 1.872300 3.508189 0.588074
300 0.906667 0.906667 0.880000 0.000000 0.000000 0.000000 1.647667 2.974992 0.610172
310 0.922581 0.922581 0.887097 0.000000 0.000000 0.000000 1.667598 3.003187 0.604224
320 0.868750 0.865625 0.806250 0.000000 0.000000 0.000000 1.536130 2.692141 0.620572
330 0.815152 0.812121 0.763636 0.000000 0.000000 0.000000 1.440335 2.517051 0.629312
340 0.655882 0.650000 0.570588 0.000000 0.000000 0.000000 1.130559 1.909984 0.675804
350 0.482857 0.457143 0.402857 0.000000 0.000000 0.000000 0.822498 1.347838 0.725157
360 0.305556 0.297222 0.213889 0.000000 0.000000 0.000000 0.516224 0.818738 0.798592
370 0.248649 0.245946 0.202703 0.000000 0.000000 0.000000 0.429565 0.690262 0.813116
380 0.078947 0.071053 0.047368 0.000000 0.000000 0.000000 0.143203 0.197266 0.875443
390 0.066667 0.066667 0.038462 0.000000 0.000000 0.000000 0.130979 0.176828 0.865973
400 0.017500 0.017500 0.005000 0.000000 0.000000 0.000000 0.049204 0.044695 0.891346
410 0.009756 0.009756 0.004878 0.000000 0.000000 0.000000 0.034771 0.025640 0.914805
420 0.007143 0.007143 0.000000 0.000000 0.000000 0.000000 0.030322 0.015616 0.921333
430 0.002326 0.002326 0.000000 0.000000 0.000000 0.000000 0.022341 0.004313 0.919536
440 0.000000 0.000000 0.000000 0.000000 0.000000 0.000000 0.019520 0.000426 0.932120
450 0.002222 0.002222 0.000000 0.000000 0.000000 0.000000 0.022659 0.005353 0.928324
460 0.000000 0.000000 0.000000 0.000000 0.000000 0.000000 0.019473 0.000423 0.932796
470 0.000000 0.000000 0.000000 0.000000 0.000000 0.000000 0.019341 0.000425 0.942084
480 0.000000 0.000000 0.000000 0.000000 0.000000 0.000000 0.019897 0.000442 0.938891
490 0.000000 0.000000 0.000000 0.000000 0.000000 0.000000 0.019611 0.000433 0.940613
500 0.000000 0.000000 0.000000 0.000000 0.000000 0.000000 0.019289 0.000414 0.942093
510 0.000000 0.000000 0.000000 0.000000 0.000000 0.000000 0.019171 0.000416 0.947768
520 0.000000 0.000000 0.000000 0.000000 0.000000 0.000000 0.019707 0.000434 0.953180
530 0.000000 0.000000 0.000000 0.000000 0.000000 0.000000 0.019901 0.000449 0.953589
540 0.000000 0.000000 0.000000 0.000000 0.000000 0.000000 0.019432 0.000426 0.954975
550 0.000000 0.000000 0.000000 0.000000 0.000000 0.000000 0.018986 0.000406 0.948538
560 0.000000 0.000000 0.000000 0.000000 0.000000 0.000000 0.019350 0.000420 0.960091
570 0.000000 0.000000 0.000000 0.000000 0.000000 0.000000 0.019453 0.000418 0.958732
580 0.000000 0.000000 0.000000 0.000000 0.000000 0.000000 0.019520 0.000426 0.966786
590 0.000000 0.000000 0.000000 0.000000 0.000000 0.000000 0.019224 0.000409 0.967133
600 0.000000 0.000000 0.000000 0.000000 0.000000 0.000000 0.019236 0.000411 0.964267
610 0.000000 0.000000 0.000000 0.000000 0.000000 0.000000 0.019154 0.000409 0.962766
620 0.000000 0.000000 0.000000 0.000000 0.000000 0.000000 0.019182 0.000413 0.969036
630 0.000000 0.000000 0.000000 0.000000 0.000000 0.000000 0.019195 0.000414 0.967907
640 0.000000 0.000000 0.000000 0.000000 0.000000 0.000000 0.019241 0.000413 0.976545
650 0.000000 0.000000 0.000000 0.000000 0.000000 0.000000 0.019266 0.000413 0.966690
660 0.000000 0.000000 0.000000 0.000000 0.000000 0.000000 0.019355 0.000423 0.969385
670 0.000000 0.000000 0.000000 0.000000 0.000000 0.000000 0.019244 0.000411 0.972054
680 0.000000 0.000000 0.000000 0.000000 0.000000 0.000000 0.019331 0.000417 0.966078
690 0.000000 0.000000 0.000000 0.000000 0.000000 0.000000 0.019007 0.000401 0.972561
700 0.000000 0.000000 0.000000 0.000000 0.000000 0.000000 0.019234 0.000417 0.974767
710 0.000000 0.000000 0.000000 0.000000 0.000000 0.000000 0.018780 0.000398 0.972186
720 0.000000 0.000000 0.000000 0.000000 0.000000 0.000000 0.019690 0.000433 0.978571
730 0.000000 0.000000 0.000000 0.000000 0.000000 0.000000 0.019126 0.000408 0.982629
740 0.000000 0.000000 0.000000 0.000000 0.000000 0.000000 0.019381 0.000417 0.975761
750 0.000000 0.000000 0.000000 0.000000 0.000000 0.000000 0.019149 0.000407 0.978923
760 0.000000 0.000000 0.000000 0.000000 0.000000 0.000000 0.019273 0.000413 0.979590
770 0.000000 0.000000 0.000000 0.000000 0.000000 0.000000 0.018798 0.000392 0.976850
780 0.000000 0.000000 0.000000 0.000000 0.000000 0.000000 0.019103 0.000408 0.979528
790 0.000000 0.000000 0.000000 0.000000 0.000000 0.000000 0.019288 0.000412 0.982505
800 0.000000 0.000000 0.000000 0.000000 0.000000 0.000000 0.018919 0.000397 0.981473
810 0.000000 0.000000 0.000000 0.000000 0.000000 0.000000 0.019081 0.000409 0.983220
820 0.000000 0.000000 0.000000 0.000000 0.000000 0.000000 0.019009 0.000401 0.979523
830 0.000000 0.000000 0.000000 0.000000 0.000000 0.000000 0.018968 0.000399 0.982011
840 0.000000 0.000000 0.000000 0.000000 0.000000 0.000000 0.018889 0.000395 0.984125
850 0.000000 0.000000 0.000000 0.000000 0.000000 0.000000 0.018909 0.000398 0.987685
860 0.000000 0.000000 0.000000 0.000000 0.000000 0.000000 0.019099 0.000403 0.985024
870 0.000000 0.000000 0.000000 0.000000 0.000000 0.000000 0.018716 0.000387 0.986375
880 0.000000 0.000000 0.000000 0.000000 0.000000 0.000000 0.019208 0.000410 0.984397
890 0.000000 0.000000 0.000000 0.000000 0.000000 0.000000 0.019048 0.000406 0.984131
900 0.000000 0.000000 0.000000 0.000000 0.000000 0.000000 0.019076 0.000402 0.982941
910 0.000000 0.000000 0.000000 0.000000 0.000000 0.000000 0.019042 0.000404 0.982484
920 0.000000 0.000000 0.000000 0.000000 0.000000 0.000000 0.018820 0.000389 0.982473
930 0.000000 0.000000 0.000000 0.000000 0.000000 0.000000 0.019098 0.000404 0.989891
940 0.000000 0.000000 0.000000 0.000000 0.000000 0.000000 0.018864 0.000398 0.988314
950 0.000000 0.000000 0.000000 0.000000 0.000000 0.000000 0.018877 0.000394 0.982848
960 0.000000 0.000000 0.000000 0.000000 0.000000 0.000000 0.018218 0.000372 0.992705
970 0.000000 0.000000 0.000000 0.000000 0.000000 0.000000 0.018485 0.000377 0.992091
980 0.000000 0.000000 0.000000 0.000000 0.000000 0.000000 0.019125 0.000402 0.988795
990 0.000000 0.000000 0.000000 0.000000 0.000000 0.000000 0.018892 0.000395 0.988256
1000 0.000000 0.000000 0.000000 0.000000 0.000000 0.000000 0.019181 0.000406 0.986646
1010 0.000000 0.000000 0.000000 0.000000 0.000000 0.000000 0.018953 0.000398 0.989397
20 1.000000 1.000000 1.000000 0.000000 0.000000 0.000000 2.490834 6.204834 0.697650
30 0.933333 0.933333 0.933333 0.000000 0.000000 0.000000 2.314769 5.740895 0.653333
40 1.000000 1.000000 1.000000 0.000000 0.000000 0.000000 2.457315 6.038441 0.700000
50 1.000000 1.000000 0.980000 0.000000 0.000000 0.000000 2.420746 5.864106 0.696510
60 1.000000 1.000000 1.000000 0.000000 0.000000 0.000000 2.404653 5.782477 0.699900
70 1.000000 1.000000 1.000000 0.000000 0.000000 0.000000 2.378929 5.660409 0.698786
80 1.000000 1.000000 1.000000 0.000000 0.000000 0.000000 2.355782 5.549885 0.699581
90 1.000000 1.000000 1.000000 0.000000 0.000000 0.000000 2.325639 5.410286 0.697894
100 1.000000 1.000000 1.000000 0.000000 0.000000 0.000000 2.304100 5.310079 0.697500
110 1.000000 1.000000 0.990909 0.000000 0.000000 0.000000 2.278277 5.192338 0.697064
120 1.000000 1.000000 0.991667 0.000000 0.000000 0.000000 2.256523 5.093305 0.696279
130 0.984615 0.984615 0.984615 0.000000 0.000000 0.000000 2.213884 4.978164 0.685531
140 1.000000 1.000000 1.000000 0.000000 0.000000 0.000000 2.214628 4.904950 0.695111
150 0.986667 0.986667 0.980000 0.000000 0.000000 0.000000 2.174115 4.791824 0.684343
160 1.000000 1.000000 0.993750 0.000000 0.000000 0.000000 2.164669 4.686934 0.691312
170 1.000000 0.994118 0.994118 0.000000 0.000000 0.000000 2.143514 4.598434 0.689035
180 1.000000 1.000000 0.988889 0.000000 0.000000 0.000000 2.117061 4.483484 0.688117
190 0.994737 0.994737 0.989474 0.000000 0.000000 0.000000 2.098567 4.428266 0.683679
200 0.995000 0.995000 0.990000 0.000000 0.000000 0.000000 2.071315 4.313659 0.681625
210 1.000000 1.000000 0.995238 0.000000 0.000000 0.000000 2.047889 4.195346 0.682121
220 0.995455 0.995455 0.995455 0.000000 0.000000 0.000000 2.011698 4.066509 0.676875
230 0.995652 0.995652 0.991304 0.000000 0.000000 0.000000 1.995166 4.000006 0.676043
240 1.000000 1.000000 0.983333 0.000000 0.000000 0.000000 1.951167 3.811284 0.674648
250 1.000000 1.000000 0.996000 0.000000 0.000000 0.000000 1.932399 3.737387 0.672826
260 0.969231 0.965385 0.915385 0.000000 0.000000 0.000000 1.810924 3.375203 0.664225
270 0.966667 0.959259 0.903704 0.000000 0.000000 0.000000 1.790188 3.293766 0.666552
280 0.760714 0.746429 0.625000 0.000000 0.000000 0.000000 1.370479 2.427769 0.697093
290 0.834483 0.810345 0.617241 0.000000 0.000000 0.000000 1.474943 2.586881 0.683169
300 0.316667 0.310000 0.226667 0.000000 0.000000 0.000000 0.573238 0.953708 0.796265
310 0.429032 0.406452 0.241935 0.000000 0.000000 0.000000 0.749919 1.238113 0.785502
320 0.212500 0.193750 0.096875 0.000000 0.000000 0.000000 0.375265 0.585611 0.837425
330 0.233333 0.221212 0.090909 0.000000 0.000000 0.000000 0.402971 0.631028 0.825611
340 0.094118 0.091176 0.035294 0.000000 0.000000 0.000000 0.181603 0.262663 0.864346
350 0.040000 0.040000 0.002857 0.000000 0.000000 0.000000 0.086198 0.105883 0.886179
360 0.013889 0.013889 0.002778 0.000000 0.000000 0.000000 0.044587 0.039559 0.899550
370 0.013514 0.013514 0.005405 0.000000 0.000000 0.000000 0.042164 0.037089 0.909785
380 0.000000 0.000000 0.000000 0.000000 0.000000 0.000000 0.020726 0.000484 0.929578
390 0.000000 0.000000 0.000000 0.000000 0.000000 0.000000 0.019949 0.000446 0.914913
400 0.000000 0.000000 0.000000 0.000000 0.000000 0.000000 0.020103 0.000452 0.930620
410 0.000000 0.000000 0.000000 0.000000 0.000000 0.000000 0.019902 0.000454 0.917389
420 0.000000 0.000000 0.000000 0.000000 0.000000 0.000000 0.020214 0.000458 0.950236
430 0.000000 0.000000 0.000000 0.000000 0.000000 0.000000 0.019887 0.000446 0.939465
440 0.000000 0.000000 0.000000 0.000000 0.000000 0.000000 0.020044 0.000444 0.946630
450 0.000000 0.000000 0.000000 0.000000 0.000000 0.000000 0.019818 0.000436 0.948591
460 0.000000 0.000000 0.000000 0.000000 0.000000 0.000000 0.019785 0.000439 0.952163
470 0.000000 0.000000 0.000000 0.000000 0.000000 0.000000 0.019326 0.000420 0.957371
480 0.000000 0.000000 0.000000 0.000000 0.000000 0.000000 0.020069 0.000450 0.950708
490 0.000000 0.000000 0.000000 0.000000 0.000000 0.000000 0.019717 0.000440 0.955890
500 0.000000 0.000000 0.000000 0.000000 0.000000 0.000000 0.019908 0.000440 0.955148
510 0.000000 0.000000 0.000000 0.000000 0.000000 0.000000 0.019482 0.000427 0.957793
520 0.000000 0.000000 0.000000 0.000000 0.000000 0.000000 0.019888 0.000442 0.966425
530 0.000000 0.000000 0.000000 0.000000 0.000000 0.000000 0.019767 0.000443 0.967370
540 0.000000 0.000000 0.000000 0.000000 0.000000 0.000000 0.019843 0.000437 0.964343
550 0.000000 0.000000 0.000000 0.000000 0.000000 0.000000 0.019591 0.000426 0.961327
560 0.000000 0.000000 0.000000 0.000000 0.000000 0.000000 0.019631 0.000431 0.970587
570 0.000000 0.000000 0.000000 0.000000 0.000000 0.000000 0.019933 0.000439 0.963881
580 0.000000 0.000000 0.000000 0.000000 0.000000 0.000000 0.019939 0.000442 0.976444
590 0.000000 0.000000 0.000000 0.000000 0.000000 0.000000 0.019513 0.000420 0.971149
600 0.000000 0.000000 0.000000 0.000000 0.000000 0.000000 0.019808 0.000434 0.977462
610 0.000000 0.000000 0.000000 0.000000 0.000000 0.000000 0.019748 0.000433 0.977927
620 0.000000 0.000000 0.000000 0.000000 0.000000 0.000000 0.019730 0.000432 0.975054
630 0.000000 0.000000 0.000000 0.000000 0.000000 0.000000 0.019364 0.000419 0.975170
640 0.000000 0.000000 0.000000 0.000000 0.000000 0.000000 0.019689 0.000434 0.981762
650 0.000000 0.000000 0.000000 0.000000 0.000000 0.000000 0.019527 0.000422 0.970654
660 0.000000 0.000000 0.000000 0.000000 0.000000 0.000000 0.019604 0.000430 0.981056
670 0.000000 0.000000 0.000000 0.000000 0.000000 0.000000 0.019639 0.000426 0.983223
680 0.000000 0.000000 0.000000 0.000000 0.000000 0.000000 0.019415 0.000421 0.978722
690 0.000000 0.000000 0.000000 0.000000 0.000000 0.000000 0.019301 0.000410 0.983533
700 0.000000 0.000000 0.000000 0.000000 0.000000 0.000000 0.019754 0.000436 0.983267
710 0.000000 0.000000 0.000000 0.000000 0.000000 0.000000 0.019185 0.000412 0.982285
720 0.000000 0.000000 0.000000 0.000000 0.000000 0.000000 0.019934 0.000438 0.982364
730 0.000000 0.000000 0.000000 0.000000 0.000000 0.000000 0.019378 0.000417 0.986886
740 0.000000 0.000000 0.000000 0.000000 0.000000 0.000000 0.019558 0.000426 0.984622
750 0.000000 0.000000 0.000000 0.000000 0.000000 0.000000 0.019452 0.000421 0.984818
760 0.000000 0.000000 0.000000 0.000000 0.000000 0.000000 0.019686 0.000429 0.985043
770 0.000000 0.000000 0.000000 0.000000 0.000000 0.000000 0.019235 0.000405 0.983392
780 0.000000 0.000000 0.000000 0.000000 0.000000 0.000000 0.019448 0.000420 0.985096
790 0.000000 0.000000 0.000000 0.000000 0.000000 0.000000 0.019576 0.000421 0.988066
800 0.000000 0.000000 0.000000 0.000000 0.000000 0.000000 0.018994 0.000396 0.986081
810 0.000000 0.000000 0.000000 0.000000 0.000000 0.000000 0.019089 0.000408 0.990086
820 0.000000 0.000000 0.000000 0.000000 0.000000 0.000000 0.019371 0.000413 0.984776
830 0.000000 0.000000 0.000000 0.000000 0.000000 0.000000 0.019350 0.000414 0.985855
840 0.000000 0.000000 0.000000 0.000000 0.000000 0.000000 0.018969 0.000394 0.990723
850 0.000000 0.000000 0.000000 0.000000 0.000000 0.000000 0.019139 0.000403 0.990125
860 0.000000 0.000000 0.000000 0.000000 0.000000 0.000000 0.019494 0.000421 0.990053
870 0.000000 0.000000 0.000000 0.000000 0.000000 0.000000 0.018991 0.000396 0.990299
880 0.000000 0.000000 0.000000 0.000000 0.000000 0.000000 0.019476 0.000421 0.989673
890 0.000000 0.000000 0.000000 0.000000 0.000000 0.000000 0.019216 0.000408 0.989460
900 0.000000 0.000000 0.000000 0.000000 0.000000 0.000000 0.019065 0.000402 0.991285
910 0.000000 0.000000 0.000000 0.000000 0.000000 0.000000 0.019210 0.000407 0.989217
920 0.000000 0.000000 0.000000 0.000000 0.000000 0.000000 0.018991 0.000395 0.991965
930 0.000000 0.000000 0.000000 0.000000 0.000000 0.000000 0.019341 0.000411 0.989945
940 0.000000 0.000000 0.000000 0.000000 0.000000 0.000000 0.019035 0.000403 0.992541
950 0.000000 0.000000 0.000000 0.000000 0.000000 0.000000 0.019331 0.000410 0.991032
960 0.000000 0.000000 0.000000 0.000000 0.000000 0.000000 0.018402 0.000378 0.992344
970 0.000000 0.000000 0.000000 0.000000 0.000000 0.000000 0.019154 0.000402 0.992254
980 0.000000 0.000000 0.000000 0.000000 0.000000 0.000000 0.018722 0.000389 0.993418
990 0.000000 0.000000 0.000000 0.000000 0.000000 0.000000 0.018756 0.000389 0.994301
1000 0.000000 0.000000 0.000000 0.000000 0.000000 0.000000 0.019258 0.000407 0.991903
1010 0.000000 0.000000 0.000000 0.000000 0.000000 0.000000 0.019185 0.000406 0.991499
20 1.000000 1.000000 0.950000 0.000000 0.000000 0.000000 2.509727 6.350303 0.792625
30 0.933333 0.933333 0.933333 0.000000 0.000000 0.000000 2.379762 6.067846 0.743850
40 1.000000 1.000000 1.000000 0.000000 0.000000 0.000000 2.497768 6.239285 0.798675
50 0.980000 0.960000 0.940000 0.000000 0.000000 0.000000 2.364086 5.753359 0.775470
60 1.000000 1.000000 1.000000 0.000000 0.000000 0.000000 2.422193 5.867251 0.799508
70 0.985714 0.985714 0.985714 0.000000 0.000000 0.000000 2.350672 5.606139 0.786471
80 1.000000 1.000000 1.000000 0.000000 0.000000 0.000000 2.355798 5.550089 0.798444
90 0.977778 0.977778 0.977778 0.000000 0.000000 0.000000 2.273686 5.287494 0.779194
100 0.980000 0.980000 0.980000 0.000000 0.000000 0.000000 2.247129 5.153045 0.779820
110 0.990909 0.990909 0.990909 0.000000 0.000000 0.000000 2.235676 5.045023 0.784768
120 0.991667 0.991667 0.991667 0.000000 0.000000 0.000000 2.209790 4.924794 0.785025
130 0.984615 0.984615 0.984615 0.000000 0.000000 0.000000 2.193758 4.888333 0.777531
140 1.000000 1.000000 1.000000 0.000000 0.000000 0.000000 2.164660 4.686605 0.786157
150 0.980000 0.980000 0.980000 0.000000 0.000000 0.000000 2.129893 4.630027 0.768677
160 0.993750 0.993750 0.993750 0.000000 0.000000 0.000000 2.086641 4.382800 0.773900
170 0.976471 0.976471 0.976471 0.000000 0.000000 0.000000 2.036675 4.249229 0.757735
180 0.988889 0.988889 0.988889 0.000000 0.000000 0.000000 2.013123 4.100096 0.762483
190 0.989474 0.989474 0.989474 0.000000 0.000000 0.000000 2.013089 4.097053 0.761245
200 0.990000 0.990000 0.990000 0.000000 0.000000 0.000000 1.975288 3.943467 0.757692
210 0.995238 0.995238 0.976190 0.000000 0.000000 0.000000 1.910679 3.671432 0.751550
220 0.990909 0.986364 0.940909 0.000000 0.000000 0.000000 1.857439 3.487650 0.745570
230 0.986957 0.982609 0.886957 0.000000 0.000000 0.000000 1.845409 3.450776 0.741450
240 0.858333 0.833333 0.550000 0.000000 0.000000 0.000000 1.511940 2.640855 0.735706
250 0.800000 0.776000 0.384000 0.000000 0.000000 0.000000 1.383115 2.359769 0.731250
260 0.457692 0.430769 0.150000 0.000000 0.000000 0.000000 0.802784 1.303735 0.763694
270 0.388889 0.348148 0.085185 0.000000 0.000000 0.000000 0.661439 1.048063 0.785846
280 0.185714 0.171429 0.028571 0.000000 0.000000 0.000000 0.337780 0.525316 0.835654
290 0.179310 0.151724 0.000000 0.000000 0.000000 0.000000 0.315628 0.459383 0.805066
300 0.023333 0.020000 0.000000 0.000000 0.000000 0.000000 0.060329 0.060261 0.881032
310 0.035484 0.022581 0.003226 0.000000 0.000000 0.000000 0.077157 0.083343 0.889911
320 0.009375 0.000000 0.000000 0.000000 0.000000 0.000000 0.032955 0.015511 0.906739
330 0.006061 0.006061 0.000000 0.000000 0.000000 0.000000 0.030645 0.017137 0.899926
340 0.005882 0.005882 0.000000 0.000000 0.000000 0.000000 0.029914 0.014867 0.906387
350 0.002857 0.002857 0.000000 0.000000 0.000000 0.000000 0.024863 0.007283 0.916296
360 0.000000 0.000000 0.000000 0.000000 0.000000 0.000000 0.020557 0.000471 0.928983
370 0.000000 0.000000 0.000000 0.000000 0.000000 0.000000 0.020496 0.000486 0.937276
380 0.000000 0.000000 0.000000 0.000000 0.000000 0.000000 0.020978 0.000496 0.946830
390 0.000000 0.000000 0.000000 0.000000 0.000000 0.000000 0.020110 0.000452 0.932033
400 0.000000 0.000000 0.000000 0.000000 0.000000 0.000000 0.020617 0.000472 0.941131
410 0.000000 0.000000 0.000000 0.000000 0.000000 0.000000 0.020265 0.000464 0.940948
420 0.000000 0.000000 0.000000 0.000000 0.000000 0.000000 0.020641 0.000478 0.957280
430 0.000000 0.000000 0.000000 0.000000 0.000000 0.000000 0.020378 0.000465 0.956033
440 0.000000 0.000000 0.000000 0.000000 0.000000 0.000000 0.020360 0.000457 0.968019
450 0.000000 0.000000 0.000000 0.000000 0.000000 0.000000 0.020193 0.000451 0.960837
460 0.000000 0.000000 0.000000 0.000000 0.000000 0.000000 0.020167 0.000452 0.962510
470 0.000000 0.000000 0.000000 0.000000 0.000000 0.000000 0.019881 0.000448 0.973889
480 0.000000 0.000000 0.000000 0.000000 0.000000 0.000000 0.020643 0.000479 0.958026
490 0.000000 0.000000 0.000000 0.000000 0.000000 0.000000 0.020166 0.000454 0.972462
500 0.000000 0.000000 0.000000 0.000000 0.000000 0.000000 0.020176 0.000451 0.965460
510 0.000000 0.000000 0.000000 0.000000 0.000000 0.000000 0.019917 0.000438 0.969383
520 0.000000 0.000000 0.000000 0.000000 0.000000 0.000000 0.020318 0.000457 0.972427
530 0.000000 0.000000 0.000000 0.000000 0.000000 0.000000 0.020481 0.000473 0.975915
540 0.000000 0.000000 0.000000 0.000000 0.000000 0.000000 0.020316 0.000452 0.978531
550 0.000000 0.000000 0.000000 0.000000 0.000000 0.000000 0.019874 0.000433 0.970947
560 0.000000 0.000000 0.000000 0.000000 0.000000 0.000000 0.020272 0.000455 0.976749
570 0.000000 0.000000 0.000000 0.000000 0.000000 0.000000 0.020406 0.000457 0.979175
580 0.000000 0.000000 0.000000 0.000000 0.000000 0.000000 0.020494 0.000460 0.984380
590 0.000000 0.000000 0.000000 0.000000 0.000000 0.000000 0.019941 0.000436 0.981313
600 0.000000 0.000000 0.000000 0.000000 0.000000 0.000000 0.020042 0.000441 0.987127
610 0.000000 0.000000 0.000000 0.000000 0.000000 0.000000 0.020005 0.000440 0.986502
620 0.000000 0.000000 0.000000 0.000000 0.000000 0.000000 0.019859 0.000439 0.983973
630 0.000000 0.000000 0.000000 0.000000 0.000000 0.000000 0.019908 0.000440 0.987846
640 0.000000 0.000000 0.000000 0.000000 0.000000 0.000000 0.019956 0.000438 0.986259
650 0.000000 0.000000 0.000000 0.000000 0.000000 0.000000 0.019817 0.000434 0.981608
660 0.000000 0.000000 0.000000 0.000000 0.000000 0.000000 0.020150 0.000451 0.987530
670 0.000000 0.000000 0.000000 0.000000 0.000000 0.000000 0.020021 0.000442 0.985602
680 0.000000 0.000000 0.000000 0.000000 0.000000 0.000000 0.018835 0.000398 0.991545
690 0.000000 0.000000 0.000000 0.000000 0.000000 0.000000 0.019710 0.000428 0.989217
700 0.000000 0.000000 0.000000 0.000000 0.000000 0.000000 0.019742 0.000431 0.990858
710 0.000000 0.000000 0.000000 0.000000 0.000000 0.000000 0.019709 0.000435 0.987959
720 0.000000 0.000000 0.000000 0.000000 0.000000 0.000000 0.020184 0.000449 0.992326
730 0.000000 0.000000 0.000000 0.000000 0.000000 0.000000 0.019085 0.000404 0.989824
740 0.000000 0.000000 0.000000 0.000000 0.000000 0.000000 0.019672 0.000424 0.991818
750 0.000000 0.000000 0.000000 0.000000 0.000000 0.000000 0.019533 0.000422 0.992091
760 0.000000 0.000000 0.000000 0.000000 0.000000 0.000000 0.020160 0.000448 0.990778
770 0.000000 0.000000 0.000000 0.000000 0.000000 0.000000 0.019440 0.000411 0.988268
780 0.000000 0.000000 0.000000 0.000000 0.000000 0.000000 0.019504 0.000419 0.989662
790 0.000000 0.000000 0.000000 0.000000 0.000000 0.000000 0.019906 0.000435 0.989441
800 0.000000 0.000000 0.000000 0.000000 0.000000 0.000000 0.019377 0.000411 0.991445
810 0.000000 0.000000 0.000000 0.000000 0.000000 0.000000 0.019077 0.000405 0.991516
820 0.000000 0.000000 0.000000 0.000000 0.000000 0.000000 0.019666 0.000425 0.991121
830 0.000000 0.000000 0.000000 0.000000 0.000000 0.000000 0.018964 0.000399 0.993039
840 0.000000 0.000000 0.000000 0.000000 0.000000 0.000000 0.018715 0.000387 0.993593
850 0.000000 0.000000 0.000000 0.000000 0.000000 0.000000 0.019713 0.000426 0.992574
860 0.000000 0.000000 0.000000 0.000000 0.000000 0.000000 0.019417 0.000413 0.994098
870 0.000000 0.000000 0.000000 0.000000 0.000000 0.000000 0.018578 0.000383 0.993724
880 0.000000 0.000000 0.000000 0.000000 0.000000 0.000000 0.019521 0.000420 0.995039
890 0.000000 0.000000 0.000000 0.000000 0.000000 0.000000 0.019615 0.000423 0.993134
900 0.000000 0.000000 0.000000 0.000000 0.000000 0.000000 0.018799 0.000390 0.997082
910 0.000000 0.000000 0.000000 0.000000 0.000000 0.000000 0.018966 0.000397 0.993401
920 0.000000 0.000000 0.000000 0.000000 0.000000 0.000000 0.019297 0.000404 0.995204
930 0.000000 0.000000 0.000000 0.000000 0.000000 0.000000 0.019519 0.000419 0.994989
940 0.000000 0.000000 0.000000 0.000000 0.000000 0.000000 0.019271 0.000412 0.993725
950 0.000000 0.000000 0.000000 0.000000 0.000000 0.000000 0.019556 0.000418 0.994577
960 0.000000 0.000000 0.000000 0.000000 0.000000 0.000000 0.017387 0.000339 0.996139
970 0.000000 0.000000 0.000000 0.000000 0.000000 0.000000 0.019094 0.000401 0.995296
980 0.000000 0.000000 0.000000 0.000000 0.000000 0.000000 0.019226 0.000408 0.994751
990 0.000000 0.000000 0.000000 0.000000 0.000000 0.000000 0.019221 0.000408 0.994235
1000 0.000000 0.000000 0.000000 0.000000 0.000000 0.000000 0.019536 0.000422 0.993336
1010 0.000000 0.000000 0.000000 0.000000 0.000000 0.000000 0.019317 0.000411 0.994453
20 0.950000 0.950000 0.950000 0.000000 0.000000 0.000000 2.388909 6.007306 0.853475
30 0.933333 0.933333 0.766667 0.000000 0.000000 0.000000 2.334565 5.843622 0.813967
40 1.000000 1.000000 0.950000 0.000000 0.000000 0.000000 2.383130 5.704794 0.891575
50 0.940000 0.940000 0.840000 0.000000 0.000000 0.000000 2.157822 4.986118 0.827860
60 1.000000 1.000000 1.000000 0.000000 0.000000 0.000000 2.317281 5.370372 0.897667
70 0.971429 0.957143 0.928571 0.000000 0.000000 0.000000 2.167931 4.863990 0.859393
80 1.000000 1.000000 1.000000 0.000000 0.000000 0.000000 2.222821 4.941806 0.893050
90 0.977778 0.966667 0.955556 0.000000 0.000000 0.000000 2.124874 4.629892 0.863289
100 0.980000 0.960000 0.960000 0.000000 0.000000 0.000000 2.092071 4.482416 0.863230
110 0.900000 0.900000 0.900000 0.000000 0.000000 0.000000 1.906722 4.041760 0.791677
120 0.983333 0.983333 0.983333 0.000000 0.000000 0.000000 2.027903 4.184565 0.860712
130 0.961538 0.961538 0.953846 0.000000 0.000000 0.000000 2.016160 4.231028 0.838935
140 0.950000 0.950000 0.935714 0.000000 0.000000 0.000000 1.884491 3.740854 0.821289
150 0.946667 0.946667 0.940000 0.000000 0.000000 0.000000 1.936095 3.961986 0.817803
160 0.956250 0.956250 0.900000 0.000000 0.000000 0.000000 1.818156 3.461950 0.812837
170 0.929412 0.929412 0.888235 0.000000 0.000000 0.000000 1.774751 3.392859 0.788200
180 0.944444 0.944444 0.838889 0.000000 0.000000 0.000000 1.723605 3.151878 0.789083
190 0.942105 0.942105 0.836842 0.000000 0.000000 0.000000 1.747232 3.231568 0.791076
200 0.955000 0.945000 0.655000 0.000000 0.000000 0.000000 1.689699 2.986002 0.795733
210 0.857143 0.842857 0.323810 0.000000 0.000000 0.000000 1.439293 2.417372 0.703150
220 0.613636 0.540909 0.072727 0.000000 0.000000 0.000000 0.997910 1.531113 0.707593
230 0.826087 0.786957 0.230435 0.000000 0.000000 0.000000 1.392250 2.301421 0.731383
240 0.312500 0.266667 0.012500 0.000000 0.000000 0.000000 0.510502 0.743486 0.778585
250 0.240000 0.200000 0.000000 0.000000 0.000000 0.000000 0.406649 0.569661 0.739832
260 0.207692 0.169231 0.000000 0.000000 0.000000 0.000000 0.344052 0.497717 0.817858
270 0.085185 0.066667 0.000000 0.000000 0.000000 0.000000 0.162632 0.199550 0.837669
280 0.085714 0.071429 0.000000 0.000000 0.000000 0.000000 0.154244 0.202819 0.850743
290 0.089655 0.058621 0.000000 0.000000 0.000000 0.000000 0.157196 0.199321 0.841297
300 0.000000 0.000000 0.000000 0.000000 0.000000 0.000000 0.021677 0.000537 0.903177
310 0.006452 0.003226 0.000000 0.000000 0.000000 0.000000 0.033261 0.016230 0.909052
320 0.000000 0.000000 0.000000 0.000000 0.000000 0.000000 0.021616 0.000533 0.914880
330 0.003030 0.003030 0.000000 0.000000 0.000000 0.000000 0.024587 0.006507 0.922365
340 0.000000 0.000000 0.000000 0.000000 0.000000 0.000000 0.020879 0.000493 0.929450
350 0.000000 0.000000 0.000000 0.000000 0.000000 0.000000 0.020594 0.000481 0.936051
360 0.000000 0.000000 0.000000 0.000000 0.000000 0.000000 0.020882 0.000490 0.936393
370 0.000000 0.000000 0.000000 0.000000 0.000000 0.000000 0.020850 0.000495 0.957734
380 0.000000 0.000000 0.000000 0.000000 0.000000 0.000000 0.021788 0.000530 0.960553
390 0.000000 0.000000 0.000000 0.000000 0.000000 0.000000 0.020362 0.000466 0.944162
400 0.000000 0.000000 0.000000 0.000000 0.000000 0.000000 0.021281 0.000506 0.951930
410 0.000000 0.000000 0.000000 0.000000 0.000000 0.000000 0.020718 0.000482 0.953466
420 0.000000 0.000000 0.000000 0.000000 0.000000 0.000000 0.021389 0.000520 0.971498
430 0.000000 0.000000 0.000000 0.000000 0.000000 0.000000 0.020799 0.000481 0.963927
440 0.000000 0.000000 0.000000 0.000000 0.000000 0.000000 0.020945 0.000480 0.975383
450 0.000000 0.000000 0.000000 0.000000 0.000000 0.000000 0.020356 0.000460 0.967518
460 0.000000 0.000000 0.000000 0.000000 0.000000 0.000000 0.020791 0.000483 0.971502
470 0.000000 0.000000 0.000000 0.000000 0.000000 0.000000 0.020263 0.000464 0.976859
480 0.000000 0.000000 0.000000 0.000000 0.000000 0.000000 0.020864 0.000480 0.966757
490 0.000000 0.000000 0.000000 0.000000 0.000000 0.000000 0.020485 0.000466 0.980230
500 0.000000 0.000000 0.000000 0.000000 0.000000 0.000000 0.020465 0.000459 0.975188
510 0.000000 0.000000 0.000000 0.000000 0.000000 0.000000 0.020194 0.000457 0.977307
520 0.000000 0.000000 0.000000 0.000000 0.000000 0.000000 0.020823 0.000476 0.981498
530 0.000000 0.000000 0.000000 0.000000 0.000000 0.000000 0.020743 0.000486 0.978201
540 0.000000 0.000000 0.000000 0.000000 0.000000 0.000000 0.020391 0.000459 0.984518
550 0.000000 0.000000 0.000000 0.000000 0.000000 0.000000 0.020317 0.000457 0.981061
560 0.000000 0.000000 0.000000 0.000000 0.000000 0.000000 0.020029 0.000446 0.986884
570 0.000000 0.000000 0.000000 0.000000 0.000000 0.000000 0.020769 0.000472 0.986168
580 0.000000 0.000000 0.000000 0.000000 0.000000 0.000000 0.019989 0.000443 0.989439
590 0.000000 0.000000 0.000000 0.000000 0.000000 0.000000 0.019835 0.000433 0.989053
600 0.000000 0.000000 0.000000 0.000000 0.000000 0.000000 0.020383 0.000454 0.989426
610 0.000000 0.000000 0.000000 0.000000 0.000000 0.000000 0.020187 0.000451 0.990967
620 0.000000 0.000000 0.000000 0.000000 0.000000 0.000000 0.019918 0.000442 0.990817
630 0.000000 0.000000 0.000000 0.000000 0.000000 0.000000 0.020232 0.000452 0.988033
640 0.000000 0.000000 0.000000 0.000000 0.000000 0.000000 0.020064 0.000442 0.991604
650 0.000000 0.000000 0.000000 0.000000 0.000000 0.000000 0.020079 0.000449 0.992102
660 0.000000 0.000000 0.000000 0.000000 0.000000 0.000000 0.020206 0.000455 0.990080
670 0.000000 0.000000 0.000000 0.000000 0.000000 0.000000 0.020046 0.000443 0.990464
680 0.000000 0.000000 0.000000 0.000000 0.000000 0.000000 0.019634 0.000434 0.993526
690 0.000000 0.000000 0.000000 0.000000 0.000000 0.000000 0.019494 0.000418 0.992476
700 0.000000 0.000000 0.000000 0.000000 0.000000 0.000000 0.019690 0.000430 0.992840
710 0.000000 0.000000 0.000000 0.000000 0.000000 0.000000 0.020085 0.000449 0.991369
720 0.000000 0.000000 0.000000 0.000000 0.000000 0.000000 0.018976 0.000402 0.994340
730 0.000000 0.000000 0.000000 0.000000 0.000000 0.000000 0.018295 0.000377 0.994508
740 0.000000 0.000000 0.000000 0.000000 0.000000 0.000000 0.018969 0.000397 0.995991
750 0.000000 0.000000 0.000000 0.000000 0.000000 0.000000 0.019331 0.000416 0.994437
760 0.000000 0.000000 0.000000 0.000000 0.000000 0.000000 0.020103 0.000444 0.994430
770 0.000000 0.000000 0.000000 0.000000 0.000000 0.000000 0.018551 0.000381 0.996112
780 0.000000 0.000000 0.000000 0.000000 0.000000 0.000000 0.018399 0.000378 0.994315
790 0.000000 0.000000 0.000000 0.000000 0.000000 0.000000 0.019758 0.000427 0.993750
800 0.000000 0.000000 0.000000 0.000000 0.000000 0.000000 0.019726 0.000425 0.992659
810 0.000000 0.000000 0.000000 0.000000 0.000000 0.000000 0.019232 0.000413 0.994243
820 0.000000 0.000000 0.000000 0.000000 0.000000 0.000000 0.019597 0.000422 0.995034
830 0.000000 0.000000 0.000000 0.000000 0.000000 0.000000 0.019478 0.000418 0.994817
840 0.000000 0.000000 0.000000 0.000000 0.000000 0.000000 0.018611 0.000386 0.993518
850 0.000000 0.000000 0.000000 0.000000 0.000000 0.000000 0.019170 0.000405 0.996771
860 0.000000 0.000000 0.000000 0.000000 0.000000 0.000000 0.018504 0.000378 0.996248
870 0.000000 0.000000 0.000000 0.000000 0.000000 0.000000 0.018363 0.000374 0.996449
880 0.000000 0.000000 0.000000 0.000000 0.000000 0.000000 0.018920 0.000402 0.996274
890 0.000000 0.000000 0.000000 0.000000 0.000000 0.000000 0.018763 0.000392 0.995353
900 0.000000 0.000000 0.000000 0.000000 0.000000 0.000000 0.018133 0.000366 0.998133
910 0.000000 0.000000 0.000000 0.000000 0.000000 0.000000 0.019449 0.000417 0.995800
920 0.000000 0.000000 0.000000 0.000000 0.000000 0.000000 0.019429 0.000411 0.997583
930 0.000000 0.000000 0.000000 0.000000 0.000000 0.000000 0.020056 0.000440 0.994759
940 0.000000 0.000000 0.000000 0.000000 0.000000 0.000000 0.018771 0.000395 0.994690
950 0.000000 0.000000 0.000000 0.000000 0.000000 0.000000 0.018510 0.000378 0.997731
960 0.000000 0.000000 0.000000 0.000000 0.000000 0.000000 0.017766 0.000357 0.996492
970 0.000000 0.000000 0.000000 0.000000 0.000000 0.000000 0.018152 0.000366 0.997515
980 0.000000 0.000000 0.000000 0.000000 0.000000 0.000000 0.018840 0.000396 0.997060
990 0.000000 0.000000 0.000000 0.000000 0.000000 0.000000 0.018222 0.000370 0.996889
1000 0.000000 0.000000 0.000000 0.000000 0.000000 0.000000 0.019777 0.000429 0.994679
1010 0.000000 0.000000 0.000000 0.000000 0.000000 0.000000 0.018561 0.000382 0.998402
