20 1.000000 1.000000 1.000000
21 1.000000 1.000000 1.000000
22 1.000000 1.000000 1.000000
23 1.000000 1.000000 1.000000
24 1.000000 1.000000 1.000000
25 1.000000 1.000000 1.000000
26 1.000000 1.000000 1.000000
27 0.962963 0.962963 0.962963
28 1.000000 1.000000 0.964286
29 1.000000 1.000000 1.000000
30 1.000000 1.000000 1.000000
31 0.967742 0.967742 0.967742
32 1.000000 1.000000 0.968750
33 0.969697 0.969697 0.969697
34 1.000000 1.000000 1.000000
35 1.000000 1.000000 0.971429
36 1.000000 1.000000 0.972222
37 0.945946 0.945946 0.945946
38 1.000000 0.973684 0.973684
39 0.974359 0.974359 0.974359
40 0.975000 0.975000 0.925000
41 1.000000 1.000000 0.926829
42 1.000000 1.000000 0.952381
43 1.000000 1.000000 1.000000
44 1.000000 1.000000 0.931818
45 1.000000 0.955556 0.911111
46 0.956522 0.956522 0.956522
47 0.978723 0.978723 0.936170
48 1.000000 0.979167 0.875000
49 1.000000 1.000000 0.918367
50 1.000000 1.000000 0.920000
51 1.000000 1.000000 0.843137
52 0.961538 0.961538 0.923077
53 1.000000 0.981132 0.773585
54 0.981481 0.981481 0.888889
55 0.945455 0.945455 0.854545
56 0.928571 0.928571 0.767857
57 0.929825 0.894737 0.754386
58 0.931034 0.931034 0.724138
59 0.966102 0.966102 0.864407
60 0.900000 0.900000 0.683333
61 0.950820 0.950820 0.737705
62 0.983871 0.903226 0.661290
63 0.952381 0.888889 0.761905
64 1.000000 0.953125 0.703125
65 0.830769 0.769231 0.615385
66 0.909091 0.878788 0.651515
67 0.895522 0.820896 0.641791
68 0.926471 0.897059 0.558824
69 0.927536 0.869565 0.608696
70 0.942857 0.942857 0.800000
71 0.901408 0.901408 0.619718
72 0.861111 0.805556 0.458333
73 0.849315 0.849315 0.602740
74 0.810811 0.743243 0.459459
75 0.813333 0.773333 0.466667
76 0.881579 0.842105 0.460526
77 0.831169 0.792208 0.467532
78 0.923077 0.871795 0.628205
79 0.886076 0.810127 0.594937
80 0.787500 0.750000 0.350000
81 0.851852 0.790123 0.481481
82 0.829268 0.780488 0.365854
83 0.891566 0.795181 0.421687
84 0.690476 0.619048 0.214286
85 0.752941 0.717647 0.329412
86 0.709302 0.662791 0.348837
87 0.781609 0.724138 0.356322
88 0.806818 0.738636 0.318182
89 0.752809 0.629213 0.247191
90 0.755556 0.677778 0.333333
91 0.681319 0.604396 0.307692
92 0.706522 0.597826 0.228261
93 0.634409 0.537634 0.236559
94 0.670213 0.595745 0.265957
95 0.736842 0.610526 0.263158
96 0.666667 0.541667 0.208333
97 0.556701 0.463918 0.164948
98 0.622449 0.479592 0.132653
99 0.535354 0.464646 0.121212
20 1.000000 1.000000 0.900000
21 0.761905 0.761905 0.714286
22 0.863636 0.863636 0.818182
23 0.913043 0.913043 0.695652
24 0.791667 0.791667 0.666667
25 0.840000 0.840000 0.440000
26 0.615385 0.576923 0.384615
27 0.962963 0.962963 0.925926
28 0.357143 0.357143 0.214286
29 0.206897 0.206897 0.172414
30 0.233333 0.233333 0.100000
31 0.967742 0.935484 0.870968
32 0.187500 0.187500 0.093750
33 0.090909 0.090909 0.060606
34 0.294118 0.294118 0.058824
35 0.885714 0.857143 0.600000
36 0.055556 0.055556 0.000000
37 0.054054 0.054054 0.000000
38 0.000000 0.000000 0.000000
39 0.025641 0.025641 0.000000
40 0.000000 0.000000 0.000000
41 0.048780 0.048780 0.000000
42 0.142857 0.071429 0.023810
43 0.023256 0.023256 0.000000
44 0.136364 0.136364 0.000000
45 0.022222 0.022222 0.000000
46 0.021739 0.021739 0.000000
47 0.063830 0.042553 0.000000
48 0.000000 0.000000 0.000000
49 0.040816 0.020408 0.000000
50 0.020000 0.020000 0.000000
51 0.039216 0.019608 0.000000
52 0.923077 0.884615 0.403846
53 0.000000 0.000000 0.000000
54 0.018519 0.018519 0.000000
55 0.000000 0.000000 0.000000
56 0.000000 0.000000 0.000000
57 0.210526 0.140351 0.017544
58 0.241379 0.172414 0.000000
59 0.644068 0.542373 0.135593
60 0.000000 0.000000 0.000000
61 0.000000 0.000000 0.000000
62 0.000000 0.000000 0.000000
63 0.000000 0.000000 0.000000
64 0.000000 0.000000 0.000000
65 0.015385 0.015385 0.000000
66 0.000000 0.000000 0.000000
67 0.000000 0.000000 0.000000
68 0.000000 0.000000 0.000000
69 0.000000 0.000000 0.000000
70 0.000000 0.000000 0.000000
71 0.000000 0.000000 0.000000
72 0.000000 0.000000 0.000000
73 0.000000 0.000000 0.000000
74 0.000000 0.000000 0.000000
75 0.000000 0.000000 0.000000
76 0.000000 0.000000 0.000000
77 0.000000 0.000000 0.000000
78 0.000000 0.000000 0.000000
79 0.000000 0.000000 0.000000
80 0.000000 0.000000 0.000000
81 0.000000 0.000000 0.000000
82 0.000000 0.000000 0.000000
83 0.000000 0.000000 0.000000
84 0.000000 0.000000 0.000000
85 0.000000 0.000000 0.000000
86 0.000000 0.000000 0.000000
87 0.000000 0.000000 0.000000
88 0.000000 0.000000 0.000000
89 0.000000 0.000000 0.000000
90 0.000000 0.000000 0.000000
91 0.000000 0.000000 0.000000
92 0.000000 0.000000 0.000000
93 0.000000 0.000000 0.000000
94 0.000000 0.000000 0.000000
95 0.000000 0.000000 0.000000
96 0.000000 0.000000 0.000000
97 0.000000 0.000000 0.000000
98 0.000000 0.000000 0.000000
99 0.000000 0.000000 0.000000
20 0.000000 0.000000 0.000000
21 0.000000 0.000000 0.000000
22 0.000000 0.000000 0.000000
23 0.000000 0.000000 0.000000
24 0.000000 0.000000 0.000000
25 0.000000 0.000000 0.000000
26 0.000000 0.000000 0.000000
27 0.000000 0.000000 0.000000
28 0.000000 0.000000 0.000000
29 0.000000 0.000000 0.000000
30 0.100000 0.100000 0.000000
31 0.000000 0.000000 0.000000
32 0.000000 0.000000 0.000000
33 0.939394 0.939394 0.939394
34 0.000000 0.000000 0.000000
35 0.142857 0.114286 0.000000
36 0.000000 0.000000 0.000000
37 0.027027 0.027027 0.000000
38 0.000000 0.000000 0.000000
39 0.000000 0.000000 0.000000
40 0.000000 0.000000 0.000000
41 0.000000 0.000000 0.000000
42 0.000000 0.000000 0.000000
43 0.000000 0.000000 0.000000
44 0.000000 0.000000 0.000000
45 0.000000 0.000000 0.000000
46 0.000000 0.000000 0.000000
47 0.000000 0.000000 0.000000
48 0.000000 0.000000 0.000000
49 0.000000 0.000000 0.000000
50 0.000000 0.000000 0.000000
51 0.000000 0.000000 0.000000
52 0.000000 0.000000 0.000000
53 0.000000 0.000000 0.000000
54 0.000000 0.000000 0.000000
55 0.000000 0.000000 0.000000
56 0.000000 0.000000 0.000000
57 0.000000 0.000000 0.000000
58 0.000000 0.000000 0.000000
59 0.000000 0.000000 0.000000
60 0.000000 0.000000 0.000000
61 0.000000 0.000000 0.000000
62 0.000000 0.000000 0.000000
63 0.000000 0.000000 0.000000
64 0.000000 0.000000 0.000000
65 0.000000 0.000000 0.000000
66 0.000000 0.000000 0.000000
67 0.000000 0.000000 0.000000
68 0.000000 0.000000 0.000000
69 0.000000 0.000000 0.000000
70 0.000000 0.000000 0.000000
71 0.000000 0.000000 0.000000
72 0.000000 0.000000 0.000000
73 0.000000 0.000000 0.000000
74 0.000000 0.000000 0.000000
75 0.000000 0.000000 0.000000
76 0.000000 0.000000 0.000000
77 0.000000 0.000000 0.000000
78 0.000000 0.000000 0.000000
79 0.000000 0.000000 0.000000
80 0.000000 0.000000 0.000000
81 0.000000 0.000000 0.000000
82 0.000000 0.000000 0.000000
83 0.000000 0.000000 0.000000
84 0.000000 0.000000 0.000000
85 0.000000 0.000000 0.000000
86 0.000000 0.000000 0.000000
87 0.000000 0.000000 0.000000
88 0.000000 0.000000 0.000000
89 0.000000 0.000000 0.000000
90 0.000000 0.000000 0.000000
91 0.000000 0.000000 0.000000
92 0.000000 0.000000 0.000000
93 0.000000 0.000000 0.000000
94 0.000000 0.000000 0.000000
95 0.000000 0.000000 0.000000
96 0.000000 0.000000 0.000000
97 0.000000 0.000000 0.000000
98 0.000000 0.000000 0.000000
99 0.000000 0.000000 0.000000
20 0.000000 0.000000 0.000000
21 0.000000 0.000000 0.000000
22 0.000000 0.000000 0.000000
23 0.000000 0.000000 0.000000
24 0.000000 0.000000 0.000000
25 0.000000 0.000000 0.000000
26 0.000000 0.000000 0.000000
27 0.000000 0.000000 0.000000
28 0.000000 0.000000 0.000000
29 0.482759 0.379310 0.068966
30 0.366667 0.233333 0.033333
31 0.193548 0.161290 0.032258
32 0.000000 0.000000 0.000000
33 0.000000 0.000000 0.000000
34 0.000000 0.000000 0.000000
35 0.057143 0.057143 0.000000
36 0.000000 0.000000 0.000000
37 0.000000 0.000000 0.000000
38 0.000000 0.000000 0.000000
39 0.000000 0.000000 0.000000
40 0.000000 0.000000 0.000000
41 0.000000 0.000000 0.000000
42 0.000000 0.000000 0.000000
43 0.000000 0.000000 0.000000
44 0.000000 0.000000 0.000000
45 0.000000 0.000000 0.000000
46 0.000000 0.000000 0.000000
47 0.000000 0.000000 0.000000
48 0.000000 0.000000 0.000000
49 0.000000 0.000000 0.000000
50 0.000000 0.000000 0.000000
51 0.000000 0.000000 0.000000
52 0.000000 0.000000 0.000000
53 0.000000 0.000000 0.000000
54 0.000000 0.000000 0.000000
55 0.000000 0.000000 0.000000
56 0.000000 0.000000 0.000000
57 0.000000 0.000000 0.000000
58 0.000000 0.000000 0.000000
59 0.000000 0.000000 0.000000
60 0.000000 0.000000 0.000000
61 0.000000 0.000000 0.000000
62 0.000000 0.000000 0.000000
63 0.000000 0.000000 0.000000
64 0.000000 0.000000 0.000000
65 0.000000 0.000000 0.000000
66 0.000000 0.000000 0.000000
67 0.000000 0.000000 0.000000
68 0.000000 0.000000 0.000000
69 0.000000 0.000000 0.000000
70 0.000000 0.000000 0.000000
71 0.000000 0.000000 0.000000
72 0.000000 0.000000 0.000000
73 0.000000 0.000000 0.000000
74 0.000000 0.000000 0.000000
75 0.000000 0.000000 0.000000
76 0.000000 0.000000 0.000000
77 0.000000 0.000000 0.000000
78 0.000000 0.000000 0.000000
79 0.000000 0.000000 0.000000
80 0.000000 0.000000 0.000000
81 0.000000 0.000000 0.000000
82 0.000000 0.000000 0.000000
83 0.000000 0.000000 0.000000
84 0.000000 0.000000 0.000000
85 0.000000 0.000000 0.000000
86 0.000000 0.000000 0.000000
87 0.000000 0.000000 0.000000
88 0.000000 0.000000 0.000000
89 0.000000 0.000000 0.000000
90 0.000000 0.000000 0.000000
91 0.000000 0.000000 0.000000
92 0.000000 0.000000 0.000000
93 0.000000 0.000000 0.000000
94 0.000000 0.000000 0.000000
95 0.000000 0.000000 0.000000
96 0.000000 0.000000 0.000000
97 0.000000 0.000000 0.000000
98 0.000000 0.000000 0.000000
99 0.000000 0.000000 0.000000
20 0.000000 0.000000 0.000000
21 0.000000 0.000000 0.000000
22 0.000000 0.000000 0.000000
23 0.000000 0.000000 0.000000
24 0.000000 0.000000 0.000000
25 0.960000 0.960000 0.960000
26 0.000000 0.000000 0.000000
27 0.000000 0.000000 0.000000
28 0.000000 0.000000 0.000000
29 0.000000 0.000000 0.000000
30 0.000000 0.000000 0.000000
31 0.000000 0.000000 0.000000
32 0.000000 0.000000 0.000000
33 0.696970 0.545455 0.181818
34 0.000000 0.000000 0.000000
35 0.400000 0.314286 0.000000
36 0.000000 0.000000 0.000000
37 0.297297 0.189189 0.000000
38 0.263158 0.131579 0.000000
39 0.256410 0.076923 0.000000
40 0.000000 0.000000 0.000000
41 0.000000 0.000000 0.000000
42 0.000000 0.000000 0.000000
43 0.093023 0.046512 0.000000
44 0.000000 0.000000 0.000000
45 0.000000 0.000000 0.000000
46 0.000000 0.000000 0.000000
47 0.000000 0.000000 0.000000
48 0.000000 0.000000 0.000000
49 0.000000 0.000000 0.000000
50 0.000000 0.000000 0.000000
51 0.000000 0.000000 0.000000
52 0.000000 0.000000 0.000000
53 0.000000 0.000000 0.000000
54 0.000000 0.000000 0.000000
55 0.000000 0.000000 0.000000
56 0.000000 0.000000 0.000000
57 0.000000 0.000000 0.000000
58 0.000000 0.000000 0.000000
59 0.000000 0.000000 0.000000
60 0.000000 0.000000 0.000000
61 0.000000 0.000000 0.000000
62 0.000000 0.000000 0.000000
63 0.000000 0.000000 0.000000
64 0.000000 0.000000 0.000000
65 0.000000 0.000000 0.000000
66 0.000000 0.000000 0.000000
67 0.000000 0.000000 0.000000
68 0.000000 0.000000 0.000000
69 0.000000 0.000000 0.000000
70 0.000000 0.000000 0.000000
71 0.000000 0.000000 0.000000
72 0.000000 0.000000 0.000000
73 0.000000 0.000000 0.000000
74 0.000000 0.000000 0.000000
75 0.000000 0.000000 0.000000
76 0.000000 0.000000 0.000000
77 0.000000 0.000000 0.000000
78 0.000000 0.000000 0.000000
79 0.000000 0.000000 0.000000
80 0.000000 0.000000 0.000000
81 0.000000 0.000000 0.000000
82 0.000000 0.000000 0.000000
83 0.000000 0.000000 0.000000
84 0.000000 0.000000 0.000000
85 0.000000 0.000000 0.000000
86 0.000000 0.000000 0.000000
87 0.000000 0.000000 0.000000
88 0.000000 0.000000 0.000000
89 0.000000 0.000000 0.000000
90 0.000000 0.000000 0.000000
91 0.000000 0.000000 0.000000
92 0.000000 0.000000 0.000000
93 0.000000 0.000000 0.000000
94 0.000000 0.000000 0.000000
95 0.000000 0.000000 0.000000
96 0.000000 0.000000 0.000000
97 0.000000 0.000000 0.000000
98 0.000000 0.000000 0.000000
99 0.000000 0.000000 0.000000
20 0.000000 0.000000 0.000000
21 0.000000 0.000000 0.000000
22 0.000000 0.000000 0.000000
23 0.000000 0.000000 0.000000
24 0.000000 0.000000 0.000000
25 0.000000 0.000000 0.000000
26 0.000000 0.000000 0.000000
27 0.000000 0.000000 0.000000
28 0.000000 0.000000 0.000000
29 0.000000 0.000000 0.000000
30 0.000000 0.000000 0.000000
31 0.000000 0.000000 0.000000
32 0.000000 0.000000 0.000000
33 0.000000 0.000000 0.000000
34 0.000000 0.000000 0.000000
35 0.000000 0.000000 0.000000
36 0.000000 0.000000 0.000000
37 0.000000 0.000000 0.000000
38 0.000000 0.000000 0.000000
39 0.000000 0.000000 0.000000
40 0.000000 0.000000 0.000000
41 0.000000 0.000000 0.000000
42 0.000000 0.000000 0.000000
43 0.000000 0.000000 0.000000
44 0.000000 0.000000 0.000000
45 0.000000 0.000000 0.000000
46 0.000000 0.000000 0.000000
47 0.000000 0.000000 0.000000
48 0.000000 0.000000 0.000000
49 0.000000 0.000000 0.000000
50 0.000000 0.000000 0.000000
51 0.000000 0.000000 0.000000
52 0.000000 0.000000 0.000000
53 0.000000 0.000000 0.000000
54 0.000000 0.000000 0.000000
55 0.000000 0.000000 0.000000
56 0.000000 0.000000 0.000000
57 0.000000 0.000000 0.000000
58 0.000000 0.000000 0.000000
59 0.000000 0.000000 0.000000
60 0.000000 0.000000 0.000000
61 0.000000 0.000000 0.000000
62 0.000000 0.000000 0.000000
63 0.000000 0.000000 0.000000
64 0.000000 0.000000 0.000000
65 0.000000 0.000000 0.000000
66 0.000000 0.000000 0.000000
67 0.000000 0.000000 0.000000
68 0.000000 0.000000 0.000000
69 0.000000 0.000000 0.000000
70 0.000000 0.000000 0.000000
71 0.000000 0.000000 0.000000
72 0.000000 0.000000 0.000000
73 0.000000 0.000000 0.000000
74 0.000000 0.000000 0.000000
75 0.000000 0.000000 0.000000
76 0.000000 0.000000 0.000000
77 0.000000 0.000000 0.000000
78 0.000000 0.000000 0.000000
79 0.000000 0.000000 0.000000
80 0.000000 0.000000 0.000000
81 0.000000 0.000000 0.000000
82 0.000000 0.000000 0.000000
83 0.000000 0.000000 0.000000
84 0.000000 0.000000 0.000000
85 0.000000 0.000000 0.000000
86 0.000000 0.000000 0.000000
87 0.000000 0.000000 0.000000
88 0.000000 0.000000 0.000000
89 0.000000 0.000000 0.000000
90 0.000000 0.000000 0.000000
91 0.000000 0.000000 0.000000
92 0.000000 0.000000 0.000000
93 0.000000 0.000000 0.000000
94 0.000000 0.000000 0.000000
95 0.000000 0.000000 0.000000
96 0.000000 0.000000 0.000000
97 0.000000 0.000000 0.000000
98 0.000000 0.000000 0.000000
99 0.000000 0.000000 0.000000
20 0.000000 0.000000 0.000000
21 0.000000 0.000000 0.000000
22 0.000000 0.000000 0.000000
23 0.000000 0.000000 0.000000
24 0.000000 0.000000 0.000000
25 0.000000 0.000000 0.000000
26 0.000000 0.000000 0.000000
27 0.000000 0.000000 0.000000
28 0.000000 0.000000 0.000000
29 0.000000 0.000000 0.000000
30 0.000000 0.000000 0.000000
31 0.000000 0.000000 0.000000
32 0.000000 0.000000 0.000000
33 0.000000 0.000000 0.000000
34 0.000000 0.000000 0.000000
35 0.000000 0.000000 0.000000
36 0.000000 0.000000 0.000000
37 0.000000 0.000000 0.000000
38 0.000000 0.000000 0.000000
39 0.000000 0.000000 0.000000
40 0.000000 0.000000 0.000000
41 0.000000 0.000000 0.000000
42 0.000000 0.000000 0.000000
43 0.000000 0.000000 0.000000
44 0.000000 0.000000 0.000000
45 0.000000 0.000000 0.000000
46 0.000000 0.000000 0.000000
47 0.000000 0.000000 0.000000
48 0.000000 0.000000 0.000000
49 0.000000 0.000000 0.000000
50 0.000000 0.000000 0.000000
51 0.000000 0.000000 0.000000
52 0.000000 0.000000 0.000000
53 0.000000 0.000000 0.000000
54 0.000000 0.000000 0.000000
55 0.000000 0.000000 0.000000
56 0.000000 0.000000 0.000000
57 0.000000 0.000000 0.000000
58 0.000000 0.000000 0.000000
59 0.000000 0.000000 0.000000
60 0.000000 0.000000 0.000000
61 0.000000 0.000000 0.000000
62 0.000000 0.000000 0.000000
63 0.000000 0.000000 0.000000
64 0.000000 0.000000 0.000000
65 0.000000 0.000000 0.000000
66 0.000000 0.000000 0.000000
67 0.000000 0.000000 0.000000
68 0.000000 0.000000 0.000000
69 0.000000 0.000000 0.000000
70 0.000000 0.000000 0.000000
71 0.000000 0.000000 0.000000
72 0.000000 0.000000 0.000000
73 0.000000 0.000000 0.000000
74 0.000000 0.000000 0.000000
75 0.000000 0.000000 0.000000
76 0.000000 0.000000 0.000000
77 0.000000 0.000000 0.000000
78 0.000000 0.000000 0.000000
79 0.000000 0.000000 0.000000
80 0.000000 0.000000 0.000000
81 0.000000 0.000000 0.000000
82 0.000000 0.000000 0.000000
83 0.000000 0.000000 0.000000
84 0.000000 0.000000 0.000000
85 0.000000 0.000000 0.000000
86 0.000000 0.000000 0.000000
87 0.000000 0.000000 0.000000
88 0.000000 0.000000 0.000000
89 0.000000 0.000000 0.000000
90 0.000000 0.000000 0.000000
91 0.000000 0.000000 0.000000
92 0.000000 0.000000 0.000000
93 0.000000 0.000000 0.000000
94 0.000000 0.000000 0.000000
95 0.000000 0.000000 0.000000
96 0.000000 0.000000 0.000000
97 0.000000 0.000000 0.000000
98 0.000000 0.000000 0.000000
99 0.000000 0.000000 0.000000
20 0.000000 0.000000 0.000000
21 0.000000 0.000000 0.000000
22 0.000000 0.000000 0.000000
23 0.000000 0.000000 0.000000
24 0.000000 0.000000 0.000000
25 0.000000 0.000000 0.000000
26 0.000000 0.000000 0.000000
27 0.000000 0.000000 0.000000
28 0.000000 0.000000 0.000000
29 0.000000 0.000000 0.000000
30 0.000000 0.000000 0.000000
31 0.000000 0.000000 0.000000
32 0.000000 0.000000 0.000000
33 0.000000 0.000000 0.000000
34 0.000000 0.000000 0.000000
35 0.000000 0.000000 0.000000
36 0.000000 0.000000 0.000000
37 0.000000 0.000000 0.000000
38 0.000000 0.000000 0.000000
39 0.000000 0.000000 0.000000
40 0.000000 0.000000 0.000000
41 0.000000 0.000000 0.000000
42 0.000000 0.000000 0.000000
43 0.000000 0.000000 0.000000
44 0.000000 0.000000 0.000000
45 0.000000 0.000000 0.000000
46 0.000000 0.000000 0.000000
47 0.000000 0.000000 0.000000
48 0.000000 0.000000 0.000000
49 0.000000 0.000000 0.000000
50 0.000000 0.000000 0.000000
51 0.000000 0.000000 0.000000
52 0.000000 0.000000 0.000000
53 0.000000 0.000000 0.000000
54 0.000000 0.000000 0.000000
55 0.000000 0.000000 0.000000
56 0.000000 0.000000 0.000000
57 0.000000 0.000000 0.000000
58 0.000000 0.000000 0.000000
59 0.000000 0.000000 0.000000
60 0.000000 0.000000 0.000000
61 0.000000 0.000000 0.000000
62 0.000000 0.000000 0.000000
63 0.000000 0.000000 0.000000
64 0.000000 0.000000 0.000000
65 0.000000 0.000000 0.000000
66 0.000000 0.000000 0.000000
67 0.000000 0.000000 0.000000
68 0.000000 0.000000 0.000000
69 0.000000 0.000000 0.000000
70 0.000000 0.000000 0.000000
71 0.000000 0.000000 0.000000
72 0.000000 0.000000 0.000000
73 0.000000 0.000000 0.000000
74 0.000000 0.000000 0.000000
75 0.000000 0.000000 0.000000
76 0.000000 0.000000 0.000000
77 0.000000 0.000000 0.000000
78 0.000000 0.000000 0.000000
79 0.000000 0.000000 0.000000
80 0.000000 0.000000 0.000000
81 0.000000 0.000000 0.000000
82 0.000000 0.000000 0.000000
83 0.000000 0.000000 0.000000
84 0.000000 0.000000 0.000000
85 0.000000 0.000000 0.000000
86 0.000000 0.000000 0.000000
87 0.000000 0.000000 0.000000
88 0.000000 0.000000 0.000000
89 0.000000 0.000000 0.000000
90 0.000000 0.000000 0.000000
91 0.000000 0.000000 0.000000
92 0.000000 0.000000 0.000000
93 0.000000 0.000000 0.000000
94 0.000000 0.000000 0.000000
95 0.000000 0.000000 0.000000
96 0.000000 0.000000 0.000000
97 0.000000 0.000000 0.000000
98 0.000000 0.000000 0.000000
99 0.000000 0.000000 0.000000
20 0.000000 0.000000 0.000000
21 0.000000 0.000000 0.000000
22 0.000000 0.000000 0.000000
23 0.000000 0.000000 0.000000
24 0.000000 0.000000 0.000000
25 0.000000 0.000000 0.000000
26 0.000000 0.000000 0.000000
27 0.000000 0.000000 0.000000
28 0.000000 0.000000 0.000000
29 0.000000 0.000000 0.000000
30 0.000000 0.000000 0.000000
31 0.000000 0.000000 0.000000
32 0.000000 0.000000 0.000000
33 0.000000 0.000000 0.000000
34 0.000000 0.000000 0.000000
35 0.000000 0.000000 0.000000
36 0.000000 0.000000 0.000000
37 0.000000 0.000000 0.000000
38 0.000000 0.000000 0.000000
39 0.000000 0.000000 0.000000
40 0.000000 0.000000 0.000000
41 0.000000 0.000000 0.000000
42 0.000000 0.000000 0.000000
43 0.000000 0.000000 0.000000
44 0.000000 0.000000 0.000000
45 0.000000 0.000000 0.000000
46 0.000000 0.000000 0.000000
47 0.000000 0.000000 0.000000
48 0.000000 0.000000 0.000000
49 0.000000 0.000000 0.000000
50 0.000000 0.000000 0.000000
51 0.000000 0.000000 0.000000
52 0.000000 0.000000 0.000000
53 0.000000 0.000000 0.000000
54 0.000000 0.000000 0.000000
55 0.000000 0.000000 0.000000
56 0.000000 0.000000 0.000000
57 0.000000 0.000000 0.000000
58 0.000000 0.000000 0.000000
59 0.000000 0.000000 0.000000
60 0.000000 0.000000 0.000000
61 0.000000 0.000000 0.000000
62 0.000000 0.000000 0.000000
63 0.000000 0.000000 0.000000
64 0.000000 0.000000 0.000000
65 0.000000 0.000000 0.000000
66 0.000000 0.000000 0.000000
67 0.000000 0.000000 0.000000
68 0.000000 0.000000 0.000000
69 0.000000 0.000000 0.000000
70 0.000000 0.000000 0.000000
71 0.000000 0.000000 0.000000
72 0.000000 0.000000 0.000000
73 0.000000 0.000000 0.000000
74 0.000000 0.000000 0.000000
75 0.000000 0.000000 0.000000
76 0.000000 0.000000 0.000000
77 0.000000 0.000000 0.000000
78 0.000000 0.000000 0.000000
79 0.000000 0.000000 0.000000
80 0.000000 0.000000 0.000000
81 0.000000 0.000000 0.000000
82 0.000000 0.000000 0.000000
83 0.000000 0.000000 0.000000
84 0.000000 0.000000 0.000000
85 0.000000 0.000000 0.000000
86 0.000000 0.000000 0.000000
87 0.000000 0.000000 0.000000
88 0.000000 0.000000 0.000000
89 0.000000 0.000000 0.000000
90 0.000000 0.000000 0.000000
91 0.000000 0.000000 0.000000
92 0.000000 0.000000 0.000000
93 0.000000 0.000000 0.000000
94 0.000000 0.000000 0.000000
95 0.000000 0.000000 0.000000
96 0.000000 0.000000 0.000000
97 0.000000 0.000000 0.000000
98 0.000000 0.000000 0.000000
99 0.000000 0.000000 0.000000
