0.0137
0.0140
0.0135
0.0139
0.0155
0.0156
0.0166
0.0172
0.0176
0.0191
0.0215
0.0247
0.0284
0.0314
0.0352
0.0388
0.0422
0.0461
0.0498
0.0536
0.0575
0.0615
0.0653
0.0695
0.0734
0.0776
0.0817
0.0859
0.0202
0.0153
0.0139
0.0145
0.0152
0.0156
0.0163
0.0173
0.0175
0.0187
0.0217
0.0251
0.0277
0.0313
0.0347
0.0385
0.0420
0.0458
0.0494
0.0532
0.0570
0.0610
0.0647
0.0689
0.0728
0.0771
0.0810
0.0852
0.0263
0.0217
0.0143
0.0145
0.0148
0.0158
0.0162
0.0174
0.0174
0.0189
0.0216
0.0250
0.0281
0.0312
0.0351
0.0386
0.0419
0.0457
0.0494
0.0531
0.0569
0.0609
0.0649
0.0687
0.0725
0.0769
0.0807
0.0849
0.0318
0.0292
0.0145
0.0144
0.0151
0.0164
0.0161
0.0170
0.0182
0.0187
0.0219
0.0249
0.0284
0.0313
0.0352
0.0386
0.0419
0.0457
0.0493
0.0530
0.0568
0.0608
0.0647
0.0686
0.0724
0.0768
0.0806
0.0847
0.0354
0.0376
0.0167
0.0146
0.0158
0.0161
0.0165
0.0182
0.0181
0.0191
0.0219
0.0250
0.0281
0.0314
0.0351
0.0387
0.0419
0.0458
0.0494
0.0531
0.0569
0.0608
0.0645
0.0686
0.0724
0.0764
0.0805
0.0846
0.0383
0.0451
0.0230
0.0150
0.0155
0.0157
0.0171
0.0178
0.0186
0.0194
0.0220
0.0251
0.0285
0.0314
0.0353
0.0388
0.0421
0.0459
0.0495
0.0533
0.0570
0.0609
0.0649
0.0687
0.0725
0.0769
0.0806
0.0846
0.0408
0.0512
0.0337
0.0164
0.0158
0.0169
0.0169
0.0180
0.0183
0.0190
0.0222
0.0252
0.0284
0.0316
0.0351
0.0391
0.0427
0.0461
0.0497
0.0536
0.0572
0.0611
0.0648
0.0690
0.0727
0.0769
0.0808
0.0849
0.0429
0.0567
0.0439
0.0219
0.0156
0.0171
0.0172
0.0181
0.0180
0.0189
0.0218
0.0256
0.0286
0.0318
0.0356
0.0392
0.0425
0.0464
0.0499
0.0537
0.0574
0.0614
0.0653
0.0691
0.0730
0.0771
0.0811
0.0852
0.0445
0.0615
0.0503
0.0313
0.0166
0.0168
0.0175
0.0182
0.0182
0.0188
0.0222
0.0256
0.0287
0.0320
0.0355
0.0392
0.0427
0.0468
0.0501
0.0540
0.0578
0.0616
0.0656
0.0694
0.0732
0.0776
0.0814
0.0855
0.0461
0.0641
0.0573
0.0400
0.0218
0.0173
0.0177
0.0186
0.0189
0.0190
0.0226
0.0257
0.0289
0.0328
0.0360
0.0396
0.0431
0.0469
0.0504
0.0543
0.0581
0.0619
0.0660
0.0697
0.0736
0.0776
0.0817
0.0858
0.0534
0.0837
0.0891
0.0854
0.0775
0.0685
0.0557
0.0462
0.0342
0.0249
0.0249
0.0272
0.0312
0.0347
0.0383
0.0419
0.0460
0.0496
0.0534
0.0574
0.0613
0.0654
0.0697
0.0734
0.0775
0.0818
0.0858
0.0900
0.0566
0.0900
0.1014
0.1040
0.1018
0.0968
0.0894
0.0802
0.0710
0.0611
0.0289
0.0290
0.0328
0.0364
0.0403
0.0442
0.0483
0.0526
0.0563
0.0606
0.0644
0.0689
0.0730
0.0770
0.0813
0.0857
0.0900
0.0944
0.0571
0.0928
0.1076
0.1137
0.1141
0.1118
0.1079
0.1019
0.0946
0.0867
0.0518
0.0309
0.0347
0.0381
0.0421
0.0463
0.0503
0.0550
0.0590
0.0631
0.0672
0.0714
0.0761
0.0806
0.0850
0.0892
0.0937
0.0984
0.0579
0.0952
0.1113
0.1196
0.1216
0.1212
0.1186
0.1163
0.1107
0.1048
0.0730
0.0438
0.0356
0.0396
0.0438
0.0480
0.0522
0.0567
0.0612
0.0654
0.0695
0.0740
0.0788
0.0834
0.0876
0.0924
0.0969
0.1016
0.0583
0.0965
0.1139
0.1226
0.1267
0.1274
0.1261
0.1255
0.1212
0.1169
0.0892
0.0606
0.0395
0.0406
0.0453
0.0494
0.0542
0.0585
0.0628
0.0676
0.0718
0.0767
0.0812
0.0861
0.0906
0.0953
0.1002
0.1051
0.0587
0.0967
0.1155
0.1250
0.1295
0.1321
0.1316
0.1315
0.1290
0.1263
0.1020
0.0768
0.0528
0.0431
0.0465
0.0508
0.0556
0.0603
0.0650
0.0695
0.0741
0.0790
0.0835
0.0886
0.0931
0.0980
0.1028
0.1079
0.0596
0.0978
0.1161
0.1269
0.1326
0.1351
0.1358
0.1371
0.1357
0.1336
0.1132
0.0899
0.0658
0.0450
0.0484
0.0522
0.0572
0.0617
0.0666
0.0714
0.0765
0.0811
0.0858
0.0906
0.0957
0.1005
0.1058
0.1106
0.0593
0.0985
0.1173
0.1286
0.1347
0.1380
0.1386
0.1406
0.1404
0.1393
0.1216
0.1007
0.0785
0.0599
0.0501
0.0536
0.0585
0.0632
0.0681
0.0731
0.0781
0.0831
0.0879
0.0929
0.0980
0.1030
0.1082
0.1135
0.0597
0.0983
0.1182
0.1301
0.1357
0.1404
0.1417
0.1435
0.1439
0.1435
0.1291
0.1101
0.0903
0.0746
0.0533
0.0554
0.0600
0.0647
0.0698
0.0748
0.0797
0.0850
0.0900
0.0951
0.1003
0.1056
0.1107
0.1162
0.0609
0.1002
0.1214
0.1346
0.1424
0.1486
0.1520
0.1562
0.1596
0.1616
0.1641
0.1588
0.1501
0.1449
0.1314
0.1227
0.1183
0.0923
0.0949
0.0980
0.1011
0.1051
0.1092
0.1145
0.1203
0.1266
0.1329
0.1400
0.0576
0.1001
0.1226
0.1353
0.1441
0.1511
0.1546
0.1597
0.1638
0.1668
0.1739
0.1754
0.1686
0.1690
0.1678
0.1591
0.1523
0.1559
0.1526
0.1322
0.1291
0.1348
0.1404
0.1452
0.1497
0.1541
0.1586
0.1636
0.0525
0.0983
0.1220
0.1364
0.1444
0.1516
0.1558
0.1609
0.1650
0.1677
0.1770
0.1812
0.1765
0.1774
0.1811
0.1780
0.1730
0.1694
0.1764
0.1784
0.1664
0.1532
0.1599
0.1678
0.1754
0.1825
0.1893
0.1958
0.0477
0.0931
0.1197
0.1358
0.1449
0.1518
0.1558
0.1611
0.1650
0.1683
0.1788
0.1835
0.1808
0.1816
0.1875
0.1886
0.1843
0.1812
0.1837
0.1922
0.1929
0.1824
0.1720
0.1804
0.1901
0.2000
0.2093
0.2183
0.0426
0.0846
0.1141
0.1332
0.1438
0.1513
0.1564
0.1606
0.1642
0.1683
0.1789
0.1847
0.1832
0.1832
0.1902
0.1926
0.1903
0.1883
0.1879
0.1958
0.2022
0.1989
0.1859
0.1860
0.1967
0.2079
0.2190
0.2293
0.0392
0.0778
0.1070
0.1280
0.1419
0.1505
0.1562
0.1613
0.1646
0.1686
0.1793
0.1852
0.1841
0.1839
0.1911
0.1951
0.1926
0.1913
0.1903
0.1971
0.2046
0.2047
0.1934
0.1885
0.1985
0.2098
0.2216
0.2321
0.0373
0.0733
0.1007
0.1218
0.1373
0.1471
0.1551
0.1615
0.1652
0.1684
0.1791
0.1853
0.1848
0.1843
0.1917
0.1959
0.1943
0.1935
0.1920
0.1973
0.2053
0.2073
0.1978
0.1903
0.1986
0.2098
0.2217
0.2322
0.0356
0.0677
0.0943
0.1150
0.1323
0.1435
0.1532
0.1605
0.1654
0.1681
0.1793
0.1859
0.1850
0.1848
0.1920
0.1967
0.1955
0.1947
0.1934
0.1974
0.2056
0.2092
0.2015
0.1919
0.1987
0.2099
0.2218
0.2322
0.0332
0.0617
0.0859
0.1061
0.1223
0.1366
0.1478
0.1562
0.1621
0.1673
0.1786
0.1853
0.1852
0.1843
0.1920
0.1972
0.1964
0.1958
0.1944
0.1974
0.2057
0.2102
0.2043
0.1937
0.1987
0.2100
0.2217
0.2321
0.0236
0.0392
0.0531
0.0660
0.0780
0.0881
0.0991
0.1089
0.1174
0.1257
0.1610
0.1828
0.1857
0.1845
0.1928
0.1993
0.1991
0.2001
0.1999
0.2006
0.2055
0.2130
0.2164
0.2095
0.2046
0.2113
0.2221
0.2321
0.0217
0.0311
0.0437
0.0537
0.0621
0.0703
0.0778
0.0860
0.0937
0.1018
0.1329
0.1588
0.1753
0.1832
0.1929
0.2000
0.1995
0.2006
0.2007
0.2011
0.2056
0.2131
0.2185
0.2152
0.2088
0.2124
0.2224
0.2321
0.0187
0.0287
0.0367
0.0448
0.0537
0.0602
0.0672
0.0733
0.0803
0.0872
0.1160
0.1406
0.1619
0.1791
0.1926
0.2002
0.2000
0.2005
0.2008
0.2013
0.2059
0.2134
0.2186
0.2171
0.2107
0.2130
0.2225
0.2321
0.0177
0.0260
0.0316
0.0377
0.0440
0.0495
0.0548
0.0603
0.0651
0.0709
0.0961
0.1181
0.1380
0.1558
0.1715
0.1848
0.1951
0.2011
0.2012
0.2011
0.2055
0.2130
0.2190
0.2177
0.2115
0.2133
0.2227
0.2321
0.0165
0.0211
0.0260
0.0310
0.0337
0.0386
0.0418
0.0461
0.0499
0.0540
0.0716
0.0898
0.1068
0.1235
0.1385
0.1525
0.1647
0.1769
0.1879
0.1977
0.2062
0.2135
0.2194
0.2183
0.2120
0.2125
0.2227
0.2322
0.0145
0.0173
0.0203
0.0236
0.0261
0.0278
0.0299
0.0325
0.0336
0.0353
0.0458
0.0563
0.0669
0.0771
0.0880
0.0985
0.1106
0.1209
0.1324
0.1432
0.1544
0.1658
0.1769
0.1880
0.1992
0.2107
0.2223
0.2321
0.0145
0.0165
0.0202
0.0228
0.0261
0.0278
0.0299
0.0324
0.0336
0.0353
0.0458
0.0562
0.0669
0.0772
0.0880
0.0985
0.1105
0.1209
0.1324
0.1429
0.1544
0.1658
0.1769
0.1880
0.1992
0.2107
0.2223
0.2321
0.0145
0.0165
0.0202
0.0228
0.0261
0.0278
0.0299
0.0324
0.0336
0.0353
0.0458
0.0562
0.0669
0.0772
0.0880
0.0985
0.1105
0.1209
0.1324
0.1429
0.1544
0.1658
0.1769
0.1880
0.1992
0.2107
0.2223
0.2321
0.0145
0.0165
0.0202
0.0228
0.0261
0.0278
0.0299
0.0324
0.0336
0.0353
0.0458
0.0562
0.0669
0.0772
0.0880
0.0985
0.1105
0.1209
0.1324
0.1429
0.1544
0.1658
0.1769
0.1880
0.1992
0.2107
0.2223
0.2321
0.0145
0.0165
0.0202
0.0228
0.0261
0.0278
0.0299
0.0324
0.0336
0.0353
0.0458
0.0562
0.0669
0.0772
0.0880
0.0985
0.1105
0.1209
0.1324
0.1429
0.1544
0.1659
0.1769
0.1880
0.1992
0.2107
0.2223
0.2321
0.0145
0.0165
0.0202
0.0228
0.0261
0.0278
0.0299
0.0324
0.0336
0.0353
0.0458
0.0562
0.0669
0.0772
0.0880
0.0985
0.1105
0.1209
0.1324
0.1429
0.1544
0.1658
0.1769
0.1880
0.1992
0.2107
0.2223
0.2321
0.0145
0.0165
0.0202
0.0228
0.0261
0.0278
0.0299
0.0324
0.0336
0.0353
0.0458
0.0562
0.0669
0.0772
0.0880
0.0985
0.1105
0.1209
0.1324
0.1429
0.1544
0.1658
0.1769
0.1880
0.1992
0.2107
0.2223
0.2321
0.0145
0.0165
0.0202
0.0228
0.0261
0.0278
0.0299
0.0324
0.0336
0.0353
0.0458
0.0562
0.0669
0.0772
0.0880
0.0985
0.1105
0.1209
0.1324
0.1429
0.1544
0.1658
0.1769
0.1880
0.1992
0.2107
0.2223
0.2321
0.0145
0.0165
0.0202
0.0228
0.0261
0.0278
0.0299
0.0324
0.0336
0.0353
0.0458
0.0562
0.0669
0.0772
0.0880
0.0985
0.1105
0.1209
0.1324
0.1429
0.1544
0.1658
0.1769
0.1880
0.1992
0.2107
0.2223
0.2321
0.0145
0.0165
0.0202
0.0228
0.0261
0.0278
0.0299
0.0324
0.0336
0.0353
0.0458
0.0562
0.0669
0.0772
0.0880
0.0985
0.1105
0.1209
0.1324
0.1429
0.1544
0.1658
0.1769
0.1880
0.1992
0.2107
0.2223
0.2321
