20 1.000000 1.000000 1.000000
30 0.933333 0.933333 0.933333
40 1.000000 1.000000 0.950000
50 0.980000 0.980000 0.940000
60 0.983333 0.966667 0.800000
70 0.871429 0.842857 0.485714
80 0.825000 0.762500 0.237500
90 0.522222 0.455556 0.100000
100 0.530000 0.420000 0.060000
110 0.281818 0.172727 0.000000
120 0.091667 0.041667 0.000000
130 0.030769 0.000000 0.000000
140 0.014286 0.014286 0.000000
150 0.000000 0.000000 0.000000
160 0.000000 0.000000 0.000000
170 0.000000 0.000000 0.000000
180 0.000000 0.000000 0.000000
190 0.000000 0.000000 0.000000
200 0.000000 0.000000 0.000000
210 0.000000 0.000000 0.000000
220 0.000000 0.000000 0.000000
230 0.000000 0.000000 0.000000
240 0.000000 0.000000 0.000000
250 0.000000 0.000000 0.000000
260 0.000000 0.000000 0.000000
270 0.000000 0.000000 0.000000
280 0.000000 0.000000 0.000000
290 0.000000 0.000000 0.000000
300 0.000000 0.000000 0.000000
310 0.000000 0.000000 0.000000
320 0.000000 0.000000 0.000000
330 0.000000 0.000000 0.000000
340 0.000000 0.000000 0.000000
350 0.000000 0.000000 0.000000
360 0.000000 0.000000 0.000000
370 0.000000 0.000000 0.000000
380 0.000000 0.000000 0.000000
390 0.000000 0.000000 0.000000
400 0.000000 0.000000 0.000000
410 0.000000 0.000000 0.000000
420 0.000000 0.000000 0.000000
430 0.000000 0.000000 0.000000
440 0.000000 0.000000 0.000000
450 0.000000 0.000000 0.000000
460 0.000000 0.000000 0.000000
470 0.000000 0.000000 0.000000
480 0.000000 0.000000 0.000000
490 0.000000 0.000000 0.000000
500 0.000000 0.000000 0.000000
510 0.000000 0.000000 0.000000
520 0.000000 0.000000 0.000000
530 0.000000 0.000000 0.000000
540 0.000000 0.000000 0.000000
550 0.000000 0.000000 0.000000
560 0.000000 0.000000 0.000000
570 0.000000 0.000000 0.000000
580 0.000000 0.000000 0.000000
590 0.000000 0.000000 0.000000
600 0.000000 0.000000 0.000000
610 0.000000 0.000000 0.000000
620 0.000000 0.000000 0.000000
630 0.000000 0.000000 0.000000
640 0.000000 0.000000 0.000000
650 0.000000 0.000000 0.000000
660 0.000000 0.000000 0.000000
670 0.000000 0.000000 0.000000
680 0.000000 0.000000 0.000000
690 0.000000 0.000000 0.000000
700 0.000000 0.000000 0.000000
710 0.000000 0.000000 0.000000
720 0.000000 0.000000 0.000000
730 0.000000 0.000000 0.000000
740 0.000000 0.000000 0.000000
750 0.000000 0.000000 0.000000
760 0.000000 0.000000 0.000000
770 0.000000 0.000000 0.000000
780 0.000000 0.000000 0.000000
790 0.000000 0.000000 0.000000
800 0.000000 0.000000 0.000000
810 0.000000 0.000000 0.000000
820 0.000000 0.000000 0.000000
830 0.000000 0.000000 0.000000
840 0.000000 0.000000 0.000000
850 0.000000 0.000000 0.000000
860 0.000000 0.000000 0.000000
870 0.000000 0.000000 0.000000
880 0.000000 0.000000 0.000000
890 0.000000 0.000000 0.000000
900 0.000000 0.000000 0.000000
910 0.000000 0.000000 0.000000
920 0.000000 0.000000 0.000000
930 0.000000 0.000000 0.000000
940 0.000000 0.000000 0.000000
950 0.000000 0.000000 0.000000
960 0.000000 0.000000 0.000000
970 0.000000 0.000000 0.000000
980 0.000000 0.000000 0.000000
990 0.000000 0.000000 0.000000
1000 0.000000 0.000000 0.000000
1010 0.000000 0.000000 0.000000
20 1.000000 1.000000 1.000000
30 0.933333 0.933333 0.933333
40 1.000000 1.000000 1.000000
50 1.000000 1.000000 1.000000
60 1.000000 1.000000 1.000000
70 1.000000 1.000000 1.000000
80 1.000000 1.000000 1.000000
90 1.000000 1.000000 1.000000
100 1.000000 1.000000 1.000000
110 1.000000 1.000000 1.000000
120 1.000000 1.000000 1.000000
130 1.000000 1.000000 1.000000
140 1.000000 1.000000 1.000000
150 1.000000 1.000000 1.000000
160 1.000000 1.000000 0.993750
170 1.000000 1.000000 0.994118
180 1.000000 1.000000 0.994444
190 1.000000 1.000000 0.994737
200 1.000000 1.000000 0.990000
210 1.000000 1.000000 0.971429
220 0.995455 0.995455 0.959091
230 1.000000 1.000000 0.969565
240 1.000000 1.000000 0.925000
250 0.996000 0.996000 0.848000
260 0.992308 0.988462 0.726923
270 0.988889 0.974074 0.685185
280 0.971429 0.942857 0.557143
290 0.958621 0.900000 0.479310
300 0.840000 0.726667 0.326667
310 0.487097 0.422581 0.132258
320 0.550000 0.415625 0.084375
330 0.281818 0.203030 0.021212
340 0.144118 0.082353 0.005882
350 0.097143 0.057143 0.005714
360 0.058333 0.030556 0.002778
370 0.018919 0.005405 0.000000
380 0.007895 0.002632 0.000000
390 0.002564 0.002564 0.000000
400 0.000000 0.000000 0.000000
410 0.000000 0.000000 0.000000
420 0.000000 0.000000 0.000000
430 0.000000 0.000000 0.000000
440 0.000000 0.000000 0.000000
450 0.000000 0.000000 0.000000
460 0.000000 0.000000 0.000000
470 0.000000 0.000000 0.000000
480 0.000000 0.000000 0.000000
490 0.000000 0.000000 0.000000
500 0.000000 0.000000 0.000000
510 0.000000 0.000000 0.000000
520 0.000000 0.000000 0.000000
530 0.000000 0.000000 0.000000
540 0.000000 0.000000 0.000000
550 0.000000 0.000000 0.000000
560 0.000000 0.000000 0.000000
570 0.000000 0.000000 0.000000
580 0.000000 0.000000 0.000000
590 0.000000 0.000000 0.000000
600 0.000000 0.000000 0.000000
610 0.000000 0.000000 0.000000
620 0.000000 0.000000 0.000000
630 0.000000 0.000000 0.000000
640 0.000000 0.000000 0.000000
650 0.000000 0.000000 0.000000
660 0.000000 0.000000 0.000000
670 0.000000 0.000000 0.000000
680 0.000000 0.000000 0.000000
690 0.000000 0.000000 0.000000
700 0.000000 0.000000 0.000000
710 0.000000 0.000000 0.000000
720 0.000000 0.000000 0.000000
730 0.000000 0.000000 0.000000
740 0.000000 0.000000 0.000000
750 0.000000 0.000000 0.000000
760 0.000000 0.000000 0.000000
770 0.000000 0.000000 0.000000
780 0.000000 0.000000 0.000000
790 0.000000 0.000000 0.000000
800 0.000000 0.000000 0.000000
810 0.000000 0.000000 0.000000
820 0.000000 0.000000 0.000000
830 0.000000 0.000000 0.000000
840 0.000000 0.000000 0.000000
850 0.000000 0.000000 0.000000
860 0.000000 0.000000 0.000000
870 0.000000 0.000000 0.000000
880 0.000000 0.000000 0.000000
890 0.000000 0.000000 0.000000
900 0.000000 0.000000 0.000000
910 0.000000 0.000000 0.000000
920 0.000000 0.000000 0.000000
930 0.000000 0.000000 0.000000
940 0.000000 0.000000 0.000000
950 0.000000 0.000000 0.000000
960 0.000000 0.000000 0.000000
970 0.000000 0.000000 0.000000
980 0.000000 0.000000 0.000000
990 0.000000 0.000000 0.000000
1000 0.000000 0.000000 0.000000
1010 0.000000 0.000000 0.000000
20 1.000000 1.000000 1.000000
30 0.933333 0.933333 0.933333
40 1.000000 1.000000 1.000000
50 1.000000 1.000000 1.000000
60 1.000000 1.000000 1.000000
70 1.000000 1.000000 1.000000
80 1.000000 1.000000 1.000000
90 1.000000 1.000000 1.000000
100 1.000000 1.000000 1.000000
110 1.000000 1.000000 1.000000
120 1.000000 1.000000 1.000000
130 1.000000 1.000000 1.000000
140 1.000000 1.000000 1.000000
150 1.000000 1.000000 1.000000
160 1.000000 1.000000 1.000000
170 1.000000 1.000000 1.000000
180 1.000000 1.000000 1.000000
190 1.000000 1.000000 1.000000
200 1.000000 1.000000 1.000000
210 1.000000 1.000000 1.000000
220 1.000000 1.000000 1.000000
230 1.000000 1.000000 1.000000
240 1.000000 1.000000 1.000000
250 1.000000 1.000000 1.000000
260 1.000000 1.000000 1.000000
270 1.000000 1.000000 1.000000
280 1.000000 1.000000 1.000000
290 1.000000 1.000000 1.000000
300 1.000000 1.000000 1.000000
310 1.000000 1.000000 1.000000
320 1.000000 1.000000 1.000000
330 1.000000 1.000000 1.000000
340 1.000000 1.000000 1.000000
350 1.000000 1.000000 0.997143
360 1.000000 1.000000 0.994444
370 0.997297 0.997297 0.997297
380 0.994737 0.994737 0.992105
390 0.976923 0.974359 0.956410
400 0.972500 0.962500 0.947500
410 0.919512 0.914634 0.878049
420 0.819048 0.814286 0.783333
430 0.804651 0.783721 0.732558
440 0.695455 0.686364 0.631818
450 0.762222 0.740000 0.675556
460 0.465217 0.456522 0.389130
470 0.406383 0.391489 0.317021
480 0.285417 0.272917 0.222917
490 0.246939 0.234694 0.191837
500 0.140000 0.134000 0.094000
510 0.058824 0.052941 0.035294
520 0.096154 0.086538 0.057692
530 0.060377 0.058491 0.033962
540 0.016667 0.016667 0.012963
550 0.041818 0.040000 0.027273
560 0.012500 0.010714 0.005357
570 0.007018 0.007018 0.005263
580 0.003448 0.003448 0.003448
590 0.000000 0.000000 0.000000
600 0.001667 0.001667 0.001667
610 0.000000 0.000000 0.000000
620 0.000000 0.000000 0.000000
630 0.000000 0.000000 0.000000
640 0.000000 0.000000 0.000000
650 0.000000 0.000000 0.000000
660 0.000000 0.000000 0.000000
670 0.000000 0.000000 0.000000
680 0.000000 0.000000 0.000000
690 0.000000 0.000000 0.000000
700 0.000000 0.000000 0.000000
710 0.000000 0.000000 0.000000
720 0.000000 0.000000 0.000000
730 0.000000 0.000000 0.000000
740 0.000000 0.000000 0.000000
750 0.000000 0.000000 0.000000
760 0.000000 0.000000 0.000000
770 0.000000 0.000000 0.000000
780 0.000000 0.000000 0.000000
790 0.000000 0.000000 0.000000
800 0.000000 0.000000 0.000000
810 0.000000 0.000000 0.000000
820 0.000000 0.000000 0.000000
830 0.000000 0.000000 0.000000
840 0.000000 0.000000 0.000000
850 0.000000 0.000000 0.000000
860 0.000000 0.000000 0.000000
870 0.000000 0.000000 0.000000
880 0.000000 0.000000 0.000000
890 0.000000 0.000000 0.000000
900 0.000000 0.000000 0.000000
910 0.000000 0.000000 0.000000
920 0.000000 0.000000 0.000000
930 0.000000 0.000000 0.000000
940 0.000000 0.000000 0.000000
950 0.000000 0.000000 0.000000
960 0.000000 0.000000 0.000000
970 0.000000 0.000000 0.000000
980 0.000000 0.000000 0.000000
990 0.000000 0.000000 0.000000
1000 0.000000 0.000000 0.000000
1010 0.000000 0.000000 0.000000
20 1.000000 1.000000 1.000000
30 0.933333 0.933333 0.933333
40 1.000000 1.000000 1.000000
50 1.000000 1.000000 1.000000
60 1.000000 1.000000 1.000000
70 1.000000 1.000000 1.000000
80 1.000000 1.000000 1.000000
90 1.000000 1.000000 1.000000
100 1.000000 1.000000 1.000000
110 1.000000 1.000000 1.000000
120 1.000000 1.000000 1.000000
130 1.000000 1.000000 1.000000
140 1.000000 1.000000 1.000000
150 1.000000 1.000000 1.000000
160 1.000000 1.000000 1.000000
170 1.000000 1.000000 1.000000
180 1.000000 1.000000 1.000000
190 1.000000 1.000000 1.000000
200 1.000000 1.000000 1.000000
210 1.000000 1.000000 1.000000
220 1.000000 1.000000 1.000000
230 1.000000 1.000000 1.000000
240 1.000000 1.000000 1.000000
250 1.000000 1.000000 1.000000
260 1.000000 1.000000 1.000000
270 1.000000 1.000000 1.000000
280 1.000000 1.000000 1.000000
290 1.000000 1.000000 1.000000
300 1.000000 1.000000 1.000000
310 1.000000 1.000000 1.000000
320 1.000000 1.000000 1.000000
330 1.000000 1.000000 1.000000
340 1.000000 1.000000 1.000000
350 1.000000 1.000000 1.000000
360 1.000000 1.000000 1.000000
370 0.997297 0.997297 0.997297
380 1.000000 1.000000 0.997368
390 1.000000 1.000000 1.000000
400 1.000000 1.000000 1.000000
410 0.997561 0.997561 0.997561
420 0.997619 0.997619 0.995238
430 0.997674 0.997674 0.995349
440 0.984091 0.979545 0.979545
450 0.997778 0.995556 0.995556
460 0.986957 0.986957 0.984783
470 0.961702 0.957447 0.957447
480 0.935417 0.933333 0.929167
490 0.961224 0.961224 0.961224
500 0.928000 0.924000 0.922000
510 0.888235 0.884314 0.880392
520 0.882692 0.880769 0.873077
530 0.888679 0.884906 0.877358
540 0.746296 0.746296 0.740741
550 0.745455 0.738182 0.730909
560 0.580357 0.576786 0.567857
570 0.642105 0.638596 0.635088
580 0.589655 0.582759 0.575862
590 0.462712 0.462712 0.450847
600 0.433333 0.425000 0.410000
610 0.286885 0.283607 0.278689
620 0.353226 0.350000 0.341935
630 0.306349 0.304762 0.296825
640 0.198437 0.196875 0.189062
650 0.213846 0.212308 0.207692
660 0.124242 0.121212 0.118182
670 0.119403 0.119403 0.110448
680 0.079412 0.079412 0.073529
690 0.084058 0.082609 0.078261
700 0.044286 0.044286 0.044286
710 0.046479 0.046479 0.043662
720 0.029167 0.029167 0.026389
730 0.015068 0.013699 0.013699
740 0.010811 0.009459 0.009459
750 0.010667 0.010667 0.010667
760 0.007895 0.006579 0.005263
770 0.006494 0.005195 0.005195
780 0.007692 0.007692 0.006410
790 0.007595 0.007595 0.007595
800 0.001250 0.001250 0.001250
810 0.000000 0.000000 0.000000
820 0.000000 0.000000 0.000000
830 0.000000 0.000000 0.000000
840 0.000000 0.000000 0.000000
850 0.000000 0.000000 0.000000
860 0.000000 0.000000 0.000000
870 0.001149 0.001149 0.001149
880 0.000000 0.000000 0.000000
890 0.000000 0.000000 0.000000
900 0.000000 0.000000 0.000000
910 0.000000 0.000000 0.000000
920 0.000000 0.000000 0.000000
930 0.000000 0.000000 0.000000
940 0.000000 0.000000 0.000000
950 0.000000 0.000000 0.000000
960 0.000000 0.000000 0.000000
970 0.000000 0.000000 0.000000
980 0.000000 0.000000 0.000000
990 0.000000 0.000000 0.000000
1000 0.000000 0.000000 0.000000
1010 0.000000 0.000000 0.000000
20 1.000000 1.000000 1.000000
30 0.933333 0.933333 0.933333
40 1.000000 1.000000 1.000000
50 1.000000 1.000000 1.000000
60 1.000000 1.000000 1.000000
70 1.000000 1.000000 1.000000
80 1.000000 1.000000 1.000000
90 1.000000 1.000000 1.000000
100 1.000000 1.000000 1.000000
110 1.000000 1.000000 1.000000
120 1.000000 1.000000 1.000000
130 1.000000 1.000000 1.000000
140 1.000000 1.000000 1.000000
150 1.000000 1.000000 1.000000
160 1.000000 1.000000 1.000000
170 1.000000 1.000000 1.000000
180 1.000000 1.000000 1.000000
190 1.000000 1.000000 1.000000
200 1.000000 1.000000 1.000000
210 1.000000 1.000000 1.000000
220 1.000000 1.000000 1.000000
230 1.000000 1.000000 1.000000
240 1.000000 1.000000 1.000000
250 1.000000 1.000000 1.000000
260 1.000000 1.000000 1.000000
270 1.000000 1.000000 1.000000
280 1.000000 1.000000 1.000000
290 1.000000 1.000000 1.000000
300 1.000000 1.000000 1.000000
310 1.000000 1.000000 1.000000
320 1.000000 1.000000 1.000000
330 1.000000 1.000000 1.000000
340 1.000000 1.000000 1.000000
350 1.000000 1.000000 1.000000
360 1.000000 1.000000 1.000000
370 0.997297 0.997297 0.997297
380 1.000000 1.000000 1.000000
390 1.000000 1.000000 1.000000
400 1.000000 1.000000 1.000000
410 1.000000 1.000000 1.000000
420 0.997619 0.997619 0.997619
430 1.000000 0.997674 0.997674
440 0.995455 0.993182 0.993182
450 0.995556 0.991111 0.991111
460 1.000000 1.000000 1.000000
470 0.993617 0.982979 0.982979
480 0.979167 0.977083 0.975000
490 0.995918 0.991837 0.991837
500 0.982000 0.974000 0.974000
510 0.982353 0.976471 0.974510
520 0.975000 0.969231 0.967308
530 0.975472 0.973585 0.973585
540 0.942593 0.937037 0.937037
550 0.947273 0.940000 0.938182
560 0.933929 0.923214 0.923214
570 0.926316 0.908772 0.908772
580 0.920690 0.912069 0.910345
590 0.869492 0.859322 0.859322
600 0.841667 0.836667 0.835000
610 0.821311 0.811475 0.808197
620 0.832258 0.819355 0.819355
630 0.776190 0.766667 0.765079
640 0.759375 0.750000 0.746875
650 0.770769 0.764615 0.764615
660 0.600000 0.593939 0.589394
670 0.608955 0.597015 0.597015
680 0.595588 0.589706 0.586765
690 0.586957 0.582609 0.582609
700 0.447143 0.444286 0.442857
710 0.483099 0.477465 0.476056
720 0.437500 0.437500 0.434722
730 0.408219 0.405479 0.404110
740 0.358108 0.354054 0.354054
750 0.353333 0.352000 0.348000
760 0.223684 0.222368 0.221053
770 0.312987 0.307792 0.302597
780 0.257692 0.246154 0.239744
790 0.231646 0.222785 0.221519
800 0.165000 0.162500 0.162500
810 0.154321 0.153086 0.153086
820 0.140244 0.140244 0.140244
830 0.130120 0.125301 0.124096
840 0.126190 0.125000 0.120238
850 0.102353 0.101176 0.101176
860 0.079070 0.079070 0.079070
870 0.072414 0.071264 0.068966
880 0.050000 0.046591 0.046591
890 0.055056 0.049438 0.047191
900 0.038889 0.034444 0.034444
910 0.038462 0.032967 0.032967
920 0.029348 0.026087 0.026087
930 0.030108 0.027957 0.027957
940 0.023404 0.023404 0.023404
950 0.017895 0.013684 0.012632
960 0.025000 0.012500 0.012500
970 0.007216 0.005155 0.005155
980 0.015306 0.009184 0.009184
990 0.010101 0.008081 0.008081
1000 0.006000 0.003000 0.003000
1010 0.001980 0.001980 0.001980
