20 1.000000 1.000000 1.000000
22 1.000000 1.000000 1.000000
24 1.000000 1.000000 1.000000
26 1.000000 1.000000 1.000000
28 1.000000 1.000000 1.000000
30 1.000000 1.000000 1.000000
32 1.000000 1.000000 1.000000
34 1.000000 1.000000 1.000000
36 1.000000 1.000000 1.000000
38 1.000000 1.000000 1.000000
40 1.000000 1.000000 1.000000
42 1.000000 1.000000 1.000000
44 1.000000 1.000000 1.000000
46 1.000000 1.000000 1.000000
48 1.000000 1.000000 1.000000
50 1.000000 1.000000 1.000000
52 1.000000 1.000000 1.000000
54 1.000000 1.000000 1.000000
56 1.000000 1.000000 1.000000
58 1.000000 1.000000 1.000000
60 1.000000 1.000000 1.000000
62 1.000000 1.000000 1.000000
64 1.000000 1.000000 1.000000
66 1.000000 1.000000 1.000000
68 1.000000 1.000000 1.000000
70 1.000000 1.000000 1.000000
72 1.000000 1.000000 1.000000
74 1.000000 1.000000 1.000000
76 1.000000 1.000000 1.000000
78 1.000000 1.000000 1.000000
80 1.000000 1.000000 1.000000
82 1.000000 1.000000 1.000000
84 1.000000 1.000000 1.000000
86 1.000000 1.000000 1.000000
88 1.000000 1.000000 1.000000
90 1.000000 1.000000 1.000000
92 1.000000 1.000000 1.000000
94 1.000000 1.000000 1.000000
96 1.000000 1.000000 1.000000
98 1.000000 1.000000 1.000000
100 1.000000 1.000000 1.000000
102 1.000000 1.000000 1.000000
104 1.000000 1.000000 1.000000
106 1.000000 1.000000 1.000000
108 1.000000 1.000000 1.000000
110 1.000000 1.000000 1.000000
112 1.000000 1.000000 1.000000
114 1.000000 1.000000 1.000000
116 1.000000 1.000000 1.000000
118 1.000000 1.000000 1.000000
120 1.000000 1.000000 1.000000
122 1.000000 1.000000 1.000000
124 1.000000 1.000000 1.000000
126 1.000000 1.000000 1.000000
128 1.000000 1.000000 1.000000
130 1.000000 1.000000 1.000000
132 1.000000 1.000000 0.990000
134 1.000000 1.000000 1.000000
136 1.000000 1.000000 1.000000
138 1.000000 1.000000 1.000000
140 1.000000 1.000000 0.990000
142 1.000000 1.000000 1.000000
144 1.000000 1.000000 1.000000
146 1.000000 1.000000 1.000000
148 1.000000 1.000000 0.990000
150 1.000000 1.000000 1.000000
152 1.000000 1.000000 1.000000
154 1.000000 1.000000 1.000000
156 1.000000 1.000000 1.000000
158 1.000000 1.000000 0.990000
160 1.000000 1.000000 1.000000
162 1.000000 1.000000 1.000000
164 1.000000 1.000000 1.000000
166 1.000000 1.000000 0.990000
168 1.000000 1.000000 1.000000
170 1.000000 1.000000 1.000000
172 1.000000 1.000000 1.000000
174 1.000000 1.000000 0.990000
176 1.000000 1.000000 1.000000
178 1.000000 1.000000 1.000000
180 1.000000 1.000000 0.970000
182 1.000000 1.000000 1.000000
184 1.000000 1.000000 1.000000
186 1.000000 1.000000 1.000000
188 1.000000 0.980000 0.960000
190 1.000000 1.000000 0.980000
192 1.000000 1.000000 0.960000
194 1.000000 1.000000 1.000000
196 0.990000 0.990000 0.970000
198 1.000000 1.000000 0.980000
200 1.000000 1.000000 1.000000
202 1.000000 1.000000 1.000000
204 1.000000 1.000000 1.000000
206 0.990000 0.990000 0.960000
208 1.000000 1.000000 0.930000
210 1.000000 1.000000 0.970000
212 1.000000 1.000000 0.990000
214 1.000000 1.000000 0.980000
216 1.000000 1.000000 0.960000
218 1.000000 1.000000 0.970000
220 1.000000 0.990000 0.920000
222 1.000000 1.000000 0.960000
224 1.000000 1.000000 0.960000
226 1.000000 1.000000 0.930000
228 1.000000 1.000000 0.960000
230 1.000000 1.000000 0.920000
232 1.000000 1.000000 0.950000
234 1.000000 1.000000 0.980000
236 0.990000 0.990000 0.940000
238 1.000000 0.990000 0.900000
240 1.000000 1.000000 0.930000
242 1.000000 1.000000 0.900000
244 1.000000 1.000000 0.870000
246 1.000000 1.000000 0.900000
248 0.990000 0.990000 0.890000
250 0.980000 0.980000 0.920000
252 1.000000 1.000000 0.920000
254 1.000000 1.000000 0.870000
256 1.000000 1.000000 0.850000
258 0.990000 0.990000 0.840000
260 0.990000 0.980000 0.860000
262 0.990000 0.970000 0.890000
264 1.000000 1.000000 0.900000
266 1.000000 0.980000 0.810000
268 0.990000 0.980000 0.870000
270 0.980000 0.970000 0.840000
272 0.990000 0.980000 0.790000
274 0.990000 0.980000 0.850000
276 0.990000 0.980000 0.870000
278 1.000000 0.980000 0.830000
280 1.000000 0.940000 0.780000
282 1.000000 1.000000 0.840000
284 0.990000 0.970000 0.780000
286 0.980000 0.970000 0.770000
288 0.980000 0.940000 0.720000
290 0.940000 0.930000 0.750000
292 0.960000 0.940000 0.720000
294 0.990000 0.980000 0.690000
296 0.990000 0.970000 0.720000
298 0.970000 0.960000 0.700000
300 0.940000 0.920000 0.760000
302 0.930000 0.910000 0.730000
304 0.930000 0.890000 0.620000
306 0.940000 0.880000 0.700000
308 0.970000 0.940000 0.600000
310 0.940000 0.920000 0.660000
312 0.850000 0.800000 0.420000
314 0.960000 0.890000 0.580000
316 0.890000 0.840000 0.590000
318 0.930000 0.890000 0.490000
320 0.900000 0.790000 0.590000
322 0.950000 0.890000 0.520000
324 0.820000 0.730000 0.460000
326 0.890000 0.840000 0.470000
328 0.850000 0.780000 0.440000
330 0.830000 0.710000 0.410000
332 0.810000 0.720000 0.360000
334 0.860000 0.760000 0.450000
336 0.830000 0.760000 0.370000
338 0.750000 0.630000 0.270000
340 0.770000 0.690000 0.300000
342 0.720000 0.580000 0.260000
344 0.670000 0.520000 0.270000
346 0.760000 0.680000 0.340000
348 0.650000 0.540000 0.260000
350 0.610000 0.540000 0.180000
352 0.650000 0.530000 0.200000
354 0.630000 0.510000 0.170000
356 0.640000 0.550000 0.220000
358 0.480000 0.350000 0.150000
360 0.580000 0.480000 0.140000
362 0.500000 0.330000 0.150000
364 0.550000 0.410000 0.150000
366 0.490000 0.370000 0.100000
368 0.610000 0.450000 0.110000
370 0.560000 0.410000 0.080000
372 0.290000 0.170000 0.060000
374 0.390000 0.360000 0.110000
376 0.360000 0.240000 0.080000
378 0.220000 0.160000 0.040000
380 0.370000 0.270000 0.110000
382 0.320000 0.190000 0.060000
384 0.320000 0.240000 0.060000
386 0.230000 0.170000 0.060000
388 0.230000 0.170000 0.020000
390 0.180000 0.090000 0.040000
392 0.160000 0.090000 0.010000
394 0.180000 0.060000 0.020000
396 0.260000 0.150000 0.030000
398 0.180000 0.120000 0.020000
400 0.130000 0.060000 0.020000
402 0.090000 0.060000 0.000000
404 0.100000 0.030000 0.020000
406 0.100000 0.090000 0.030000
408 0.090000 0.040000 0.000000
410 0.110000 0.040000 0.030000
412 0.070000 0.030000 0.000000
414 0.030000 0.020000 0.000000
416 0.020000 0.020000 0.000000
418 0.030000 0.030000 0.000000
420 0.020000 0.010000 0.000000
422 0.020000 0.010000 0.000000
424 0.000000 0.000000 0.000000
426 0.000000 0.000000 0.000000
428 0.000000 0.000000 0.000000
430 0.010000 0.000000 0.000000
432 0.000000 0.000000 0.000000
434 0.000000 0.000000 0.000000
436 0.000000 0.000000 0.000000
438 0.010000 0.010000 0.010000
440 0.020000 0.010000 0.000000
442 0.030000 0.030000 0.000000
444 0.000000 0.000000 0.000000
446 0.000000 0.000000 0.000000
448 0.000000 0.000000 0.000000
450 0.000000 0.000000 0.000000
452 0.000000 0.000000 0.000000
454 0.000000 0.000000 0.000000
456 0.000000 0.000000 0.000000
458 0.000000 0.000000 0.000000
460 0.000000 0.000000 0.000000
462 0.000000 0.000000 0.000000
464 0.000000 0.000000 0.000000
466 0.000000 0.000000 0.000000
468 0.000000 0.000000 0.000000
470 0.000000 0.000000 0.000000
472 0.000000 0.000000 0.000000
474 0.000000 0.000000 0.000000
476 0.000000 0.000000 0.000000
478 0.000000 0.000000 0.000000
480 0.000000 0.000000 0.000000
482 0.000000 0.000000 0.000000
484 0.000000 0.000000 0.000000
486 0.000000 0.000000 0.000000
488 0.000000 0.000000 0.000000
490 0.000000 0.000000 0.000000
492 0.000000 0.000000 0.000000
494 0.000000 0.000000 0.000000
496 0.000000 0.000000 0.000000
498 0.000000 0.000000 0.000000
20 1.000000 1.000000 1.000000
22 1.000000 1.000000 1.000000
24 1.000000 1.000000 1.000000
26 1.000000 1.000000 1.000000
28 1.000000 1.000000 1.000000
30 1.000000 1.000000 1.000000
32 1.000000 1.000000 1.000000
34 1.000000 1.000000 1.000000
36 1.000000 1.000000 1.000000
38 1.000000 1.000000 1.000000
40 1.000000 1.000000 1.000000
42 1.000000 1.000000 1.000000
44 1.000000 1.000000 1.000000
46 1.000000 1.000000 1.000000
48 1.000000 1.000000 1.000000
50 1.000000 1.000000 1.000000
52 1.000000 1.000000 1.000000
54 1.000000 1.000000 1.000000
56 1.000000 1.000000 1.000000
58 1.000000 1.000000 1.000000
60 1.000000 1.000000 1.000000
62 1.000000 1.000000 1.000000
64 1.000000 1.000000 1.000000
66 1.000000 1.000000 1.000000
68 1.000000 1.000000 1.000000
70 1.000000 1.000000 1.000000
72 1.000000 1.000000 1.000000
74 1.000000 1.000000 1.000000
76 1.000000 1.000000 1.000000
78 1.000000 1.000000 1.000000
80 1.000000 1.000000 1.000000
82 1.000000 1.000000 1.000000
84 1.000000 1.000000 1.000000
86 1.000000 1.000000 1.000000
88 1.000000 1.000000 1.000000
90 1.000000 1.000000 1.000000
92 1.000000 1.000000 1.000000
94 1.000000 1.000000 1.000000
96 1.000000 1.000000 1.000000
98 1.000000 1.000000 1.000000
100 1.000000 1.000000 1.000000
102 1.000000 1.000000 1.000000
104 1.000000 1.000000 0.990000
106 1.000000 1.000000 1.000000
108 1.000000 1.000000 1.000000
110 1.000000 1.000000 1.000000
112 1.000000 1.000000 1.000000
114 1.000000 1.000000 1.000000
116 1.000000 1.000000 0.990000
118 1.000000 1.000000 1.000000
120 1.000000 1.000000 1.000000
122 1.000000 1.000000 1.000000
124 1.000000 1.000000 1.000000
126 1.000000 1.000000 0.990000
128 1.000000 1.000000 1.000000
130 1.000000 1.000000 1.000000
132 1.000000 1.000000 1.000000
134 1.000000 1.000000 0.990000
136 1.000000 1.000000 0.990000
138 1.000000 1.000000 0.980000
140 1.000000 1.000000 0.970000
142 1.000000 1.000000 0.970000
144 1.000000 1.000000 0.980000
146 1.000000 1.000000 0.970000
148 1.000000 1.000000 0.980000
150 0.990000 0.990000 0.890000
152 1.000000 1.000000 0.930000
154 1.000000 0.990000 0.880000
156 1.000000 0.990000 0.920000
158 1.000000 0.990000 0.890000
160 1.000000 1.000000 0.880000
162 1.000000 0.990000 0.870000
164 0.990000 0.990000 0.820000
166 1.000000 0.980000 0.820000
168 0.990000 0.980000 0.840000
170 0.980000 0.980000 0.750000
172 0.990000 0.990000 0.760000
174 1.000000 1.000000 0.770000
176 0.970000 0.960000 0.670000
178 0.940000 0.920000 0.660000
180 0.990000 0.960000 0.680000
182 1.000000 0.990000 0.690000
184 0.970000 0.910000 0.580000
186 0.980000 0.980000 0.680000
188 0.980000 0.960000 0.640000
190 0.960000 0.900000 0.520000
192 0.980000 0.930000 0.510000
194 0.970000 0.920000 0.460000
196 0.960000 0.930000 0.420000
198 0.900000 0.860000 0.450000
200 0.910000 0.890000 0.490000
202 0.890000 0.850000 0.400000
204 0.920000 0.870000 0.370000
206 0.920000 0.830000 0.340000
208 0.870000 0.820000 0.360000
210 0.750000 0.660000 0.240000
212 0.850000 0.760000 0.240000
214 0.790000 0.710000 0.180000
216 0.800000 0.690000 0.280000
218 0.790000 0.680000 0.150000
220 0.750000 0.690000 0.210000
222 0.700000 0.600000 0.210000
224 0.720000 0.600000 0.140000
226 0.690000 0.610000 0.130000
228 0.780000 0.620000 0.180000
230 0.560000 0.440000 0.050000
232 0.690000 0.530000 0.120000
234 0.680000 0.530000 0.100000
236 0.630000 0.430000 0.110000
238 0.510000 0.410000 0.050000
240 0.600000 0.400000 0.030000
242 0.490000 0.390000 0.060000
244 0.570000 0.440000 0.060000
246 0.530000 0.380000 0.080000
248 0.450000 0.280000 0.020000
250 0.340000 0.280000 0.040000
252 0.370000 0.250000 0.020000
254 0.420000 0.320000 0.040000
256 0.320000 0.170000 0.020000
258 0.280000 0.170000 0.000000
260 0.260000 0.120000 0.010000
262 0.250000 0.120000 0.010000
264 0.370000 0.190000 0.010000
266 0.250000 0.140000 0.010000
268 0.240000 0.110000 0.000000
270 0.260000 0.100000 0.000000
272 0.200000 0.110000 0.000000
274 0.220000 0.110000 0.000000
276 0.240000 0.070000 0.000000
278 0.100000 0.040000 0.000000
280 0.070000 0.030000 0.000000
282 0.120000 0.050000 0.000000
284 0.140000 0.050000 0.000000
286 0.060000 0.020000 0.000000
288 0.100000 0.030000 0.000000
290 0.070000 0.030000 0.010000
292 0.150000 0.030000 0.000000
294 0.080000 0.010000 0.000000
296 0.030000 0.010000 0.000000
298 0.020000 0.000000 0.000000
300 0.050000 0.020000 0.000000
302 0.030000 0.010000 0.000000
304 0.030000 0.000000 0.000000
306 0.020000 0.000000 0.000000
308 0.040000 0.020000 0.000000
310 0.010000 0.000000 0.000000
312 0.020000 0.010000 0.000000
314 0.030000 0.000000 0.000000
316 0.000000 0.000000 0.000000
318 0.010000 0.000000 0.000000
320 0.000000 0.000000 0.000000
322 0.000000 0.000000 0.000000
324 0.000000 0.000000 0.000000
326 0.010000 0.000000 0.000000
328 0.030000 0.000000 0.000000
330 0.010000 0.000000 0.000000
332 0.010000 0.000000 0.000000
334 0.020000 0.000000 0.000000
336 0.000000 0.000000 0.000000
338 0.000000 0.000000 0.000000
340 0.000000 0.000000 0.000000
342 0.000000 0.000000 0.000000
344 0.000000 0.000000 0.000000
346 0.000000 0.000000 0.000000
348 0.000000 0.000000 0.000000
350 0.000000 0.000000 0.000000
352 0.000000 0.000000 0.000000
354 0.000000 0.000000 0.000000
356 0.000000 0.000000 0.000000
358 0.000000 0.000000 0.000000
360 0.000000 0.000000 0.000000
362 0.000000 0.000000 0.000000
364 0.000000 0.000000 0.000000
366 0.000000 0.000000 0.000000
368 0.000000 0.000000 0.000000
370 0.000000 0.000000 0.000000
372 0.000000 0.000000 0.000000
374 0.000000 0.000000 0.000000
376 0.000000 0.000000 0.000000
378 0.000000 0.000000 0.000000
380 0.000000 0.000000 0.000000
382 0.000000 0.000000 0.000000
384 0.000000 0.000000 0.000000
386 0.000000 0.000000 0.000000
388 0.000000 0.000000 0.000000
390 0.000000 0.000000 0.000000
392 0.000000 0.000000 0.000000
394 0.000000 0.000000 0.000000
396 0.000000 0.000000 0.000000
398 0.000000 0.000000 0.000000
400 0.000000 0.000000 0.000000
402 0.000000 0.000000 0.000000
404 0.000000 0.000000 0.000000
406 0.000000 0.000000 0.000000
408 0.000000 0.000000 0.000000
410 0.000000 0.000000 0.000000
412 0.000000 0.000000 0.000000
414 0.000000 0.000000 0.000000
416 0.000000 0.000000 0.000000
418 0.000000 0.000000 0.000000
420 0.000000 0.000000 0.000000
422 0.000000 0.000000 0.000000
424 0.000000 0.000000 0.000000
426 0.000000 0.000000 0.000000
428 0.000000 0.000000 0.000000
430 0.000000 0.000000 0.000000
432 0.000000 0.000000 0.000000
434 0.000000 0.000000 0.000000
436 0.000000 0.000000 0.000000
438 0.000000 0.000000 0.000000
440 0.000000 0.000000 0.000000
442 0.000000 0.000000 0.000000
444 0.000000 0.000000 0.000000
446 0.000000 0.000000 0.000000
448 0.000000 0.000000 0.000000
450 0.000000 0.000000 0.000000
452 0.000000 0.000000 0.000000
454 0.000000 0.000000 0.000000
456 0.000000 0.000000 0.000000
458 0.000000 0.000000 0.000000
460 0.000000 0.000000 0.000000
462 0.000000 0.000000 0.000000
464 0.000000 0.000000 0.000000
466 0.000000 0.000000 0.000000
468 0.000000 0.000000 0.000000
470 0.000000 0.000000 0.000000
472 0.000000 0.000000 0.000000
474 0.000000 0.000000 0.000000
476 0.000000 0.000000 0.000000
478 0.000000 0.000000 0.000000
480 0.000000 0.000000 0.000000
482 0.000000 0.000000 0.000000
484 0.000000 0.000000 0.000000
486 0.000000 0.000000 0.000000
488 0.000000 0.000000 0.000000
490 0.000000 0.000000 0.000000
492 0.000000 0.000000 0.000000
494 0.000000 0.000000 0.000000
496 0.000000 0.000000 0.000000
498 0.000000 0.000000 0.000000
20 1.000000 1.000000 1.000000
22 1.000000 1.000000 1.000000
24 1.000000 1.000000 1.000000
26 1.000000 1.000000 1.000000
28 1.000000 1.000000 1.000000
30 1.000000 1.000000 1.000000
32 1.000000 1.000000 1.000000
34 1.000000 1.000000 1.000000
36 1.000000 1.000000 1.000000
38 1.000000 1.000000 1.000000
40 1.000000 1.000000 1.000000
42 1.000000 1.000000 1.000000
44 1.000000 1.000000 1.000000
46 1.000000 1.000000 1.000000
48 1.000000 1.000000 1.000000
50 1.000000 1.000000 1.000000
52 1.000000 1.000000 1.000000
54 1.000000 1.000000 1.000000
56 1.000000 1.000000 1.000000
58 1.000000 1.000000 1.000000
60 1.000000 1.000000 1.000000
62 1.000000 1.000000 1.000000
64 1.000000 1.000000 1.000000
66 1.000000 1.000000 1.000000
68 1.000000 1.000000 1.000000
70 1.000000 1.000000 1.000000
72 1.000000 1.000000 0.986111
74 1.000000 1.000000 1.000000
76 1.000000 1.000000 0.986842
78 1.000000 1.000000 0.987179
80 1.000000 1.000000 1.000000
82 1.000000 1.000000 0.902439
84 1.000000 1.000000 0.976190
86 1.000000 1.000000 0.953488
88 0.988636 0.988636 0.875000
90 0.966667 0.966667 0.811111
92 1.000000 0.989130 0.836957
94 0.989362 0.989362 0.787234
96 1.000000 0.989583 0.791667
98 1.000000 1.000000 0.918367
100 0.980000 0.970000 0.790000
102 0.950000 0.920000 0.660000
104 0.950000 0.940000 0.620000
106 0.950000 0.940000 0.510000
108 0.900000 0.880000 0.550000
110 0.920000 0.900000 0.530000
112 0.860000 0.840000 0.450000
114 0.920000 0.890000 0.390000
116 0.850000 0.810000 0.380000
118 0.760000 0.690000 0.270000
120 0.810000 0.780000 0.260000
122 0.740000 0.680000 0.220000
124 0.780000 0.720000 0.280000
126 0.660000 0.600000 0.130000
128 0.550000 0.490000 0.120000
130 0.630000 0.520000 0.190000
132 0.480000 0.470000 0.090000
134 0.350000 0.330000 0.060000
136 0.450000 0.410000 0.050000
138 0.500000 0.400000 0.070000
140 0.390000 0.350000 0.070000
142 0.420000 0.330000 0.030000
144 0.390000 0.340000 0.070000
146 0.290000 0.220000 0.010000
148 0.360000 0.260000 0.030000
150 0.130000 0.080000 0.000000
152 0.270000 0.170000 0.010000
154 0.170000 0.050000 0.000000
156 0.150000 0.120000 0.020000
158 0.220000 0.150000 0.010000
160 0.150000 0.110000 0.020000
162 0.110000 0.080000 0.000000
164 0.100000 0.030000 0.000000
166 0.130000 0.080000 0.000000
168 0.030000 0.030000 0.000000
170 0.070000 0.030000 0.000000
172 0.010000 0.010000 0.000000
174 0.050000 0.040000 0.000000
176 0.030000 0.020000 0.000000
178 0.040000 0.030000 0.000000
180 0.030000 0.020000 0.000000
182 0.060000 0.030000 0.000000
184 0.000000 0.000000 0.000000
186 0.020000 0.010000 0.000000
188 0.020000 0.000000 0.000000
190 0.010000 0.010000 0.000000
192 0.020000 0.000000 0.000000
194 0.010000 0.000000 0.000000
196 0.010000 0.000000 0.000000
198 0.010000 0.000000 0.000000
200 0.010000 0.010000 0.000000
202 0.000000 0.000000 0.000000
204 0.000000 0.000000 0.000000
206 0.000000 0.000000 0.000000
208 0.000000 0.000000 0.000000
210 0.000000 0.000000 0.000000
212 0.000000 0.000000 0.000000
214 0.000000 0.000000 0.000000
216 0.000000 0.000000 0.000000
218 0.000000 0.000000 0.000000
220 0.000000 0.000000 0.000000
222 0.000000 0.000000 0.000000
224 0.000000 0.000000 0.000000
226 0.000000 0.000000 0.000000
228 0.000000 0.000000 0.000000
230 0.000000 0.000000 0.000000
232 0.000000 0.000000 0.000000
234 0.000000 0.000000 0.000000
236 0.000000 0.000000 0.000000
238 0.000000 0.000000 0.000000
240 0.000000 0.000000 0.000000
242 0.000000 0.000000 0.000000
244 0.000000 0.000000 0.000000
246 0.000000 0.000000 0.000000
248 0.000000 0.000000 0.000000
250 0.000000 0.000000 0.000000
252 0.000000 0.000000 0.000000
254 0.000000 0.000000 0.000000
256 0.000000 0.000000 0.000000
258 0.000000 0.000000 0.000000
260 0.000000 0.000000 0.000000
262 0.000000 0.000000 0.000000
264 0.000000 0.000000 0.000000
266 0.000000 0.000000 0.000000
268 0.000000 0.000000 0.000000
270 0.000000 0.000000 0.000000
272 0.000000 0.000000 0.000000
274 0.000000 0.000000 0.000000
276 0.000000 0.000000 0.000000
278 0.000000 0.000000 0.000000
280 0.000000 0.000000 0.000000
282 0.000000 0.000000 0.000000
284 0.000000 0.000000 0.000000
286 0.000000 0.000000 0.000000
288 0.000000 0.000000 0.000000
290 0.000000 0.000000 0.000000
292 0.000000 0.000000 0.000000
294 0.000000 0.000000 0.000000
296 0.000000 0.000000 0.000000
298 0.000000 0.000000 0.000000
300 0.000000 0.000000 0.000000
302 0.000000 0.000000 0.000000
304 0.000000 0.000000 0.000000
306 0.000000 0.000000 0.000000
308 0.000000 0.000000 0.000000
310 0.000000 0.000000 0.000000
312 0.000000 0.000000 0.000000
314 0.000000 0.000000 0.000000
316 0.000000 0.000000 0.000000
318 0.000000 0.000000 0.000000
320 0.000000 0.000000 0.000000
322 0.000000 0.000000 0.000000
324 0.000000 0.000000 0.000000
326 0.000000 0.000000 0.000000
328 0.000000 0.000000 0.000000
330 0.000000 0.000000 0.000000
332 0.000000 0.000000 0.000000
334 0.000000 0.000000 0.000000
336 0.000000 0.000000 0.000000
338 0.000000 0.000000 0.000000
340 0.000000 0.000000 0.000000
342 0.000000 0.000000 0.000000
344 0.000000 0.000000 0.000000
346 0.000000 0.000000 0.000000
348 0.000000 0.000000 0.000000
350 0.000000 0.000000 0.000000
352 0.000000 0.000000 0.000000
354 0.000000 0.000000 0.000000
356 0.000000 0.000000 0.000000
358 0.000000 0.000000 0.000000
360 0.000000 0.000000 0.000000
362 0.000000 0.000000 0.000000
364 0.000000 0.000000 0.000000
366 0.000000 0.000000 0.000000
368 0.000000 0.000000 0.000000
370 0.000000 0.000000 0.000000
372 0.000000 0.000000 0.000000
374 0.000000 0.000000 0.000000
376 0.000000 0.000000 0.000000
378 0.000000 0.000000 0.000000
380 0.000000 0.000000 0.000000
382 0.000000 0.000000 0.000000
384 0.000000 0.000000 0.000000
386 0.000000 0.000000 0.000000
388 0.000000 0.000000 0.000000
390 0.000000 0.000000 0.000000
392 0.000000 0.000000 0.000000
394 0.000000 0.000000 0.000000
396 0.000000 0.000000 0.000000
398 0.000000 0.000000 0.000000
400 0.000000 0.000000 0.000000
402 0.000000 0.000000 0.000000
404 0.000000 0.000000 0.000000
406 0.000000 0.000000 0.000000
408 0.000000 0.000000 0.000000
410 0.000000 0.000000 0.000000
412 0.000000 0.000000 0.000000
414 0.000000 0.000000 0.000000
416 0.000000 0.000000 0.000000
418 0.000000 0.000000 0.000000
420 0.000000 0.000000 0.000000
422 0.000000 0.000000 0.000000
424 0.000000 0.000000 0.000000
426 0.000000 0.000000 0.000000
428 0.000000 0.000000 0.000000
430 0.000000 0.000000 0.000000
432 0.000000 0.000000 0.000000
434 0.000000 0.000000 0.000000
436 0.000000 0.000000 0.000000
438 0.000000 0.000000 0.000000
440 0.000000 0.000000 0.000000
442 0.000000 0.000000 0.000000
444 0.000000 0.000000 0.000000
446 0.000000 0.000000 0.000000
448 0.000000 0.000000 0.000000
450 0.000000 0.000000 0.000000
452 0.000000 0.000000 0.000000
454 0.000000 0.000000 0.000000
456 0.000000 0.000000 0.000000
458 0.000000 0.000000 0.000000
460 0.000000 0.000000 0.000000
462 0.000000 0.000000 0.000000
464 0.000000 0.000000 0.000000
466 0.000000 0.000000 0.000000
468 0.000000 0.000000 0.000000
470 0.000000 0.000000 0.000000
472 0.000000 0.000000 0.000000
474 0.000000 0.000000 0.000000
476 0.000000 0.000000 0.000000
478 0.000000 0.000000 0.000000
480 0.000000 0.000000 0.000000
482 0.000000 0.000000 0.000000
484 0.000000 0.000000 0.000000
486 0.000000 0.000000 0.000000
488 0.000000 0.000000 0.000000
490 0.000000 0.000000 0.000000
492 0.000000 0.000000 0.000000
494 0.000000 0.000000 0.000000
496 0.000000 0.000000 0.000000
498 0.000000 0.000000 0.000000
20 1.000000 1.000000 1.000000
22 1.000000 1.000000 1.000000
24 1.000000 1.000000 1.000000
26 1.000000 1.000000 1.000000
28 1.000000 1.000000 1.000000
30 1.000000 1.000000 1.000000
32 1.000000 1.000000 1.000000
34 1.000000 1.000000 1.000000
36 1.000000 1.000000 1.000000
38 1.000000 1.000000 1.000000
40 1.000000 1.000000 1.000000
42 1.000000 1.000000 1.000000
44 1.000000 1.000000 1.000000
46 1.000000 1.000000 0.956522
48 0.958333 0.958333 0.916667
50 0.920000 0.900000 0.720000
52 0.903846 0.903846 0.750000
54 0.888889 0.870370 0.722222
56 0.875000 0.875000 0.571429
58 0.741379 0.741379 0.534483
60 0.833333 0.816667 0.533333
62 0.564516 0.548387 0.241935
64 0.390625 0.390625 0.140625
66 0.424242 0.393939 0.121212
68 0.338235 0.323529 0.117647
70 0.271429 0.257143 0.042857
72 0.194444 0.194444 0.041667
74 0.148649 0.135135 0.054054
76 0.171053 0.171053 0.039474
78 0.141026 0.128205 0.012821
80 0.087500 0.062500 0.000000
82 0.073171 0.060976 0.000000
84 0.023810 0.023810 0.000000
86 0.034884 0.023256 0.000000
88 0.090909 0.079545 0.000000
90 0.033333 0.022222 0.000000
92 0.010870 0.000000 0.000000
94 0.031915 0.021277 0.000000
96 0.010417 0.010417 0.000000
98 0.000000 0.000000 0.000000
100 0.000000 0.000000 0.000000
102 0.000000 0.000000 0.000000
104 0.000000 0.000000 0.000000
106 0.000000 0.000000 0.000000
108 0.000000 0.000000 0.000000
110 0.000000 0.000000 0.000000
112 0.000000 0.000000 0.000000
114 0.000000 0.000000 0.000000
116 0.000000 0.000000 0.000000
118 0.000000 0.000000 0.000000
120 0.000000 0.000000 0.000000
122 0.000000 0.000000 0.000000
124 0.000000 0.000000 0.000000
126 0.000000 0.000000 0.000000
128 0.000000 0.000000 0.000000
130 0.000000 0.000000 0.000000
132 0.000000 0.000000 0.000000
134 0.000000 0.000000 0.000000
136 0.000000 0.000000 0.000000
138 0.000000 0.000000 0.000000
140 0.000000 0.000000 0.000000
142 0.000000 0.000000 0.000000
144 0.000000 0.000000 0.000000
146 0.000000 0.000000 0.000000
148 0.000000 0.000000 0.000000
150 0.000000 0.000000 0.000000
152 0.000000 0.000000 0.000000
154 0.000000 0.000000 0.000000
156 0.000000 0.000000 0.000000
158 0.000000 0.000000 0.000000
160 0.000000 0.000000 0.000000
162 0.000000 0.000000 0.000000
164 0.000000 0.000000 0.000000
166 0.000000 0.000000 0.000000
168 0.000000 0.000000 0.000000
170 0.000000 0.000000 0.000000
172 0.000000 0.000000 0.000000
174 0.000000 0.000000 0.000000
176 0.000000 0.000000 0.000000
178 0.000000 0.000000 0.000000
180 0.000000 0.000000 0.000000
182 0.000000 0.000000 0.000000
184 0.000000 0.000000 0.000000
186 0.000000 0.000000 0.000000
188 0.000000 0.000000 0.000000
190 0.000000 0.000000 0.000000
192 0.000000 0.000000 0.000000
194 0.000000 0.000000 0.000000
196 0.000000 0.000000 0.000000
198 0.000000 0.000000 0.000000
200 0.000000 0.000000 0.000000
202 0.000000 0.000000 0.000000
204 0.000000 0.000000 0.000000
206 0.000000 0.000000 0.000000
208 0.000000 0.000000 0.000000
210 0.000000 0.000000 0.000000
212 0.000000 0.000000 0.000000
214 0.000000 0.000000 0.000000
216 0.000000 0.000000 0.000000
218 0.000000 0.000000 0.000000
220 0.000000 0.000000 0.000000
222 0.000000 0.000000 0.000000
224 0.000000 0.000000 0.000000
226 0.000000 0.000000 0.000000
228 0.000000 0.000000 0.000000
230 0.000000 0.000000 0.000000
232 0.000000 0.000000 0.000000
234 0.000000 0.000000 0.000000
236 0.000000 0.000000 0.000000
238 0.000000 0.000000 0.000000
240 0.000000 0.000000 0.000000
242 0.000000 0.000000 0.000000
244 0.000000 0.000000 0.000000
246 0.000000 0.000000 0.000000
248 0.000000 0.000000 0.000000
250 0.000000 0.000000 0.000000
252 0.000000 0.000000 0.000000
254 0.000000 0.000000 0.000000
256 0.000000 0.000000 0.000000
258 0.000000 0.000000 0.000000
260 0.000000 0.000000 0.000000
262 0.000000 0.000000 0.000000
264 0.000000 0.000000 0.000000
266 0.000000 0.000000 0.000000
268 0.000000 0.000000 0.000000
270 0.000000 0.000000 0.000000
272 0.000000 0.000000 0.000000
274 0.000000 0.000000 0.000000
276 0.000000 0.000000 0.000000
278 0.000000 0.000000 0.000000
280 0.000000 0.000000 0.000000
282 0.000000 0.000000 0.000000
284 0.000000 0.000000 0.000000
286 0.000000 0.000000 0.000000
288 0.000000 0.000000 0.000000
290 0.000000 0.000000 0.000000
292 0.000000 0.000000 0.000000
294 0.000000 0.000000 0.000000
296 0.000000 0.000000 0.000000
298 0.000000 0.000000 0.000000
300 0.000000 0.000000 0.000000
302 0.000000 0.000000 0.000000
304 0.000000 0.000000 0.000000
306 0.000000 0.000000 0.000000
308 0.000000 0.000000 0.000000
310 0.000000 0.000000 0.000000
312 0.000000 0.000000 0.000000
314 0.000000 0.000000 0.000000
316 0.000000 0.000000 0.000000
318 0.000000 0.000000 0.000000
320 0.000000 0.000000 0.000000
322 0.000000 0.000000 0.000000
324 0.000000 0.000000 0.000000
326 0.000000 0.000000 0.000000
328 0.000000 0.000000 0.000000
330 0.000000 0.000000 0.000000
332 0.000000 0.000000 0.000000
334 0.000000 0.000000 0.000000
336 0.000000 0.000000 0.000000
338 0.000000 0.000000 0.000000
340 0.000000 0.000000 0.000000
342 0.000000 0.000000 0.000000
344 0.000000 0.000000 0.000000
346 0.000000 0.000000 0.000000
348 0.000000 0.000000 0.000000
350 0.000000 0.000000 0.000000
352 0.000000 0.000000 0.000000
354 0.000000 0.000000 0.000000
356 0.000000 0.000000 0.000000
358 0.000000 0.000000 0.000000
360 0.000000 0.000000 0.000000
362 0.000000 0.000000 0.000000
364 0.000000 0.000000 0.000000
366 0.000000 0.000000 0.000000
368 0.000000 0.000000 0.000000
370 0.000000 0.000000 0.000000
372 0.000000 0.000000 0.000000
374 0.000000 0.000000 0.000000
376 0.000000 0.000000 0.000000
378 0.000000 0.000000 0.000000
380 0.000000 0.000000 0.000000
382 0.000000 0.000000 0.000000
384 0.000000 0.000000 0.000000
386 0.000000 0.000000 0.000000
388 0.000000 0.000000 0.000000
390 0.000000 0.000000 0.000000
392 0.000000 0.000000 0.000000
394 0.000000 0.000000 0.000000
396 0.000000 0.000000 0.000000
398 0.000000 0.000000 0.000000
400 0.000000 0.000000 0.000000
402 0.000000 0.000000 0.000000
404 0.000000 0.000000 0.000000
406 0.000000 0.000000 0.000000
408 0.000000 0.000000 0.000000
410 0.000000 0.000000 0.000000
412 0.000000 0.000000 0.000000
414 0.000000 0.000000 0.000000
416 0.000000 0.000000 0.000000
418 0.000000 0.000000 0.000000
420 0.000000 0.000000 0.000000
422 0.000000 0.000000 0.000000
424 0.000000 0.000000 0.000000
426 0.000000 0.000000 0.000000
428 0.000000 0.000000 0.000000
430 0.000000 0.000000 0.000000
432 0.000000 0.000000 0.000000
434 0.000000 0.000000 0.000000
436 0.000000 0.000000 0.000000
438 0.000000 0.000000 0.000000
440 0.000000 0.000000 0.000000
442 0.000000 0.000000 0.000000
444 0.000000 0.000000 0.000000
446 0.000000 0.000000 0.000000
448 0.000000 0.000000 0.000000
450 0.000000 0.000000 0.000000
452 0.000000 0.000000 0.000000
454 0.000000 0.000000 0.000000
456 0.000000 0.000000 0.000000
458 0.000000 0.000000 0.000000
460 0.000000 0.000000 0.000000
462 0.000000 0.000000 0.000000
464 0.000000 0.000000 0.000000
466 0.000000 0.000000 0.000000
468 0.000000 0.000000 0.000000
470 0.000000 0.000000 0.000000
472 0.000000 0.000000 0.000000
474 0.000000 0.000000 0.000000
476 0.000000 0.000000 0.000000
478 0.000000 0.000000 0.000000
480 0.000000 0.000000 0.000000
482 0.000000 0.000000 0.000000
484 0.000000 0.000000 0.000000
486 0.000000 0.000000 0.000000
488 0.000000 0.000000 0.000000
490 0.000000 0.000000 0.000000
492 0.000000 0.000000 0.000000
494 0.000000 0.000000 0.000000
496 0.000000 0.000000 0.000000
498 0.000000 0.000000 0.000000
20 1.000000 1.000000 1.000000
22 1.000000 1.000000 1.000000
24 1.000000 1.000000 0.916667
26 0.846154 0.846154 0.807692
28 0.750000 0.750000 0.714286
30 0.533333 0.533333 0.466667
32 0.375000 0.375000 0.218750
34 0.176471 0.176471 0.117647
36 0.083333 0.083333 0.027778
38 0.026316 0.000000 0.000000
40 0.000000 0.000000 0.000000
42 0.000000 0.000000 0.000000
44 0.000000 0.000000 0.000000
46 0.000000 0.000000 0.000000
48 0.000000 0.000000 0.000000
50 0.000000 0.000000 0.000000
52 0.000000 0.000000 0.000000
54 0.000000 0.000000 0.000000
56 0.000000 0.000000 0.000000
58 0.000000 0.000000 0.000000
60 0.000000 0.000000 0.000000
62 0.000000 0.000000 0.000000
64 0.000000 0.000000 0.000000
66 0.000000 0.000000 0.000000
68 0.000000 0.000000 0.000000
70 0.000000 0.000000 0.000000
72 0.000000 0.000000 0.000000
74 0.000000 0.000000 0.000000
76 0.000000 0.000000 0.000000
78 0.000000 0.000000 0.000000
80 0.000000 0.000000 0.000000
82 0.000000 0.000000 0.000000
84 0.000000 0.000000 0.000000
86 0.000000 0.000000 0.000000
88 0.000000 0.000000 0.000000
90 0.000000 0.000000 0.000000
92 0.000000 0.000000 0.000000
94 0.000000 0.000000 0.000000
96 0.000000 0.000000 0.000000
98 0.000000 0.000000 0.000000
100 0.000000 0.000000 0.000000
102 0.000000 0.000000 0.000000
104 0.000000 0.000000 0.000000
106 0.000000 0.000000 0.000000
108 0.000000 0.000000 0.000000
110 0.000000 0.000000 0.000000
112 0.000000 0.000000 0.000000
114 0.000000 0.000000 0.000000
116 0.000000 0.000000 0.000000
118 0.000000 0.000000 0.000000
120 0.000000 0.000000 0.000000
122 0.000000 0.000000 0.000000
124 0.000000 0.000000 0.000000
126 0.000000 0.000000 0.000000
128 0.000000 0.000000 0.000000
130 0.000000 0.000000 0.000000
132 0.000000 0.000000 0.000000
134 0.000000 0.000000 0.000000
136 0.000000 0.000000 0.000000
138 0.000000 0.000000 0.000000
140 0.000000 0.000000 0.000000
142 0.000000 0.000000 0.000000
144 0.000000 0.000000 0.000000
146 0.000000 0.000000 0.000000
148 0.000000 0.000000 0.000000
150 0.000000 0.000000 0.000000
152 0.000000 0.000000 0.000000
154 0.000000 0.000000 0.000000
156 0.000000 0.000000 0.000000
158 0.000000 0.000000 0.000000
160 0.000000 0.000000 0.000000
162 0.000000 0.000000 0.000000
164 0.000000 0.000000 0.000000
166 0.000000 0.000000 0.000000
168 0.000000 0.000000 0.000000
170 0.000000 0.000000 0.000000
172 0.000000 0.000000 0.000000
174 0.000000 0.000000 0.000000
176 0.000000 0.000000 0.000000
178 0.000000 0.000000 0.000000
180 0.000000 0.000000 0.000000
182 0.000000 0.000000 0.000000
184 0.000000 0.000000 0.000000
186 0.000000 0.000000 0.000000
188 0.000000 0.000000 0.000000
190 0.000000 0.000000 0.000000
192 0.000000 0.000000 0.000000
194 0.000000 0.000000 0.000000
196 0.000000 0.000000 0.000000
198 0.000000 0.000000 0.000000
200 0.000000 0.000000 0.000000
202 0.000000 0.000000 0.000000
204 0.000000 0.000000 0.000000
206 0.000000 0.000000 0.000000
208 0.000000 0.000000 0.000000
210 0.000000 0.000000 0.000000
212 0.000000 0.000000 0.000000
214 0.000000 0.000000 0.000000
216 0.000000 0.000000 0.000000
218 0.000000 0.000000 0.000000
220 0.000000 0.000000 0.000000
222 0.000000 0.000000 0.000000
224 0.000000 0.000000 0.000000
226 0.000000 0.000000 0.000000
228 0.000000 0.000000 0.000000
230 0.000000 0.000000 0.000000
232 0.000000 0.000000 0.000000
234 0.000000 0.000000 0.000000
236 0.000000 0.000000 0.000000
238 0.000000 0.000000 0.000000
240 0.000000 0.000000 0.000000
242 0.000000 0.000000 0.000000
244 0.000000 0.000000 0.000000
246 0.000000 0.000000 0.000000
248 0.000000 0.000000 0.000000
250 0.000000 0.000000 0.000000
252 0.000000 0.000000 0.000000
254 0.000000 0.000000 0.000000
256 0.000000 0.000000 0.000000
258 0.000000 0.000000 0.000000
260 0.000000 0.000000 0.000000
262 0.000000 0.000000 0.000000
264 0.000000 0.000000 0.000000
266 0.000000 0.000000 0.000000
268 0.000000 0.000000 0.000000
270 0.000000 0.000000 0.000000
272 0.000000 0.000000 0.000000
274 0.000000 0.000000 0.000000
276 0.000000 0.000000 0.000000
278 0.000000 0.000000 0.000000
280 0.000000 0.000000 0.000000
282 0.000000 0.000000 0.000000
284 0.000000 0.000000 0.000000
286 0.000000 0.000000 0.000000
288 0.000000 0.000000 0.000000
290 0.000000 0.000000 0.000000
292 0.000000 0.000000 0.000000
294 0.000000 0.000000 0.000000
296 0.000000 0.000000 0.000000
298 0.000000 0.000000 0.000000
300 0.000000 0.000000 0.000000
302 0.000000 0.000000 0.000000
304 0.000000 0.000000 0.000000
306 0.000000 0.000000 0.000000
308 0.000000 0.000000 0.000000
310 0.000000 0.000000 0.000000
312 0.000000 0.000000 0.000000
314 0.000000 0.000000 0.000000
316 0.000000 0.000000 0.000000
318 0.000000 0.000000 0.000000
320 0.000000 0.000000 0.000000
322 0.000000 0.000000 0.000000
324 0.000000 0.000000 0.000000
326 0.000000 0.000000 0.000000
328 0.000000 0.000000 0.000000
330 0.000000 0.000000 0.000000
332 0.000000 0.000000 0.000000
334 0.000000 0.000000 0.000000
336 0.000000 0.000000 0.000000
338 0.000000 0.000000 0.000000
340 0.000000 0.000000 0.000000
342 0.000000 0.000000 0.000000
344 0.000000 0.000000 0.000000
346 0.000000 0.000000 0.000000
348 0.000000 0.000000 0.000000
350 0.000000 0.000000 0.000000
352 0.000000 0.000000 0.000000
354 0.000000 0.000000 0.000000
356 0.000000 0.000000 0.000000
358 0.000000 0.000000 0.000000
360 0.000000 0.000000 0.000000
362 0.000000 0.000000 0.000000
364 0.000000 0.000000 0.000000
366 0.000000 0.000000 0.000000
368 0.000000 0.000000 0.000000
370 0.000000 0.000000 0.000000
372 0.000000 0.000000 0.000000
374 0.000000 0.000000 0.000000
376 0.000000 0.000000 0.000000
378 0.000000 0.000000 0.000000
380 0.000000 0.000000 0.000000
382 0.000000 0.000000 0.000000
384 0.000000 0.000000 0.000000
386 0.000000 0.000000 0.000000
388 0.000000 0.000000 0.000000
390 0.000000 0.000000 0.000000
392 0.000000 0.000000 0.000000
394 0.000000 0.000000 0.000000
396 0.000000 0.000000 0.000000
398 0.000000 0.000000 0.000000
400 0.000000 0.000000 0.000000
402 0.000000 0.000000 0.000000
404 0.000000 0.000000 0.000000
406 0.000000 0.000000 0.000000
408 0.000000 0.000000 0.000000
410 0.000000 0.000000 0.000000
412 0.000000 0.000000 0.000000
414 0.000000 0.000000 0.000000
416 0.000000 0.000000 0.000000
418 0.000000 0.000000 0.000000
420 0.000000 0.000000 0.000000
422 0.000000 0.000000 0.000000
424 0.000000 0.000000 0.000000
426 0.000000 0.000000 0.000000
428 0.000000 0.000000 0.000000
430 0.000000 0.000000 0.000000
432 0.000000 0.000000 0.000000
434 0.000000 0.000000 0.000000
436 0.000000 0.000000 0.000000
438 0.000000 0.000000 0.000000
440 0.000000 0.000000 0.000000
442 0.000000 0.000000 0.000000
444 0.000000 0.000000 0.000000
446 0.000000 0.000000 0.000000
448 0.000000 0.000000 0.000000
450 0.000000 0.000000 0.000000
452 0.000000 0.000000 0.000000
454 0.000000 0.000000 0.000000
456 0.000000 0.000000 0.000000
458 0.000000 0.000000 0.000000
460 0.000000 0.000000 0.000000
462 0.000000 0.000000 0.000000
464 0.000000 0.000000 0.000000
466 0.000000 0.000000 0.000000
468 0.000000 0.000000 0.000000
470 0.000000 0.000000 0.000000
472 0.000000 0.000000 0.000000
474 0.000000 0.000000 0.000000
476 0.000000 0.000000 0.000000
478 0.000000 0.000000 0.000000
480 0.000000 0.000000 0.000000
482 0.000000 0.000000 0.000000
484 0.000000 0.000000 0.000000
486 0.000000 0.000000 0.000000
488 0.000000 0.000000 0.000000
490 0.000000 0.000000 0.000000
492 0.000000 0.000000 0.000000
494 0.000000 0.000000 0.000000
496 0.000000 0.000000 0.000000
498 0.000000 0.000000 0.000000
20 0.000000 0.000000 0.000000
22 0.000000 0.000000 0.000000
24 0.000000 0.000000 0.000000
26 0.000000 0.000000 0.000000
28 0.000000 0.000000 0.000000
30 0.000000 0.000000 0.000000
32 0.000000 0.000000 0.000000
34 0.000000 0.000000 0.000000
36 0.000000 0.000000 0.000000
38 0.000000 0.000000 0.000000
40 0.000000 0.000000 0.000000
42 0.000000 0.000000 0.000000
44 0.000000 0.000000 0.000000
46 0.000000 0.000000 0.000000
48 0.000000 0.000000 0.000000
50 0.000000 0.000000 0.000000
52 0.000000 0.000000 0.000000
54 0.000000 0.000000 0.000000
56 0.000000 0.000000 0.000000
58 0.000000 0.000000 0.000000
60 0.000000 0.000000 0.000000
62 0.000000 0.000000 0.000000
64 0.000000 0.000000 0.000000
66 0.000000 0.000000 0.000000
68 0.000000 0.000000 0.000000
70 0.000000 0.000000 0.000000
72 0.000000 0.000000 0.000000
74 0.000000 0.000000 0.000000
76 0.000000 0.000000 0.000000
78 0.000000 0.000000 0.000000
80 0.000000 0.000000 0.000000
82 0.000000 0.000000 0.000000
84 0.000000 0.000000 0.000000
86 0.000000 0.000000 0.000000
88 0.000000 0.000000 0.000000
90 0.000000 0.000000 0.000000
92 0.000000 0.000000 0.000000
94 0.000000 0.000000 0.000000
96 0.000000 0.000000 0.000000
98 0.000000 0.000000 0.000000
100 0.000000 0.000000 0.000000
102 0.000000 0.000000 0.000000
104 0.000000 0.000000 0.000000
106 0.000000 0.000000 0.000000
108 0.000000 0.000000 0.000000
110 0.000000 0.000000 0.000000
112 0.000000 0.000000 0.000000
114 0.000000 0.000000 0.000000
116 0.000000 0.000000 0.000000
118 0.000000 0.000000 0.000000
120 0.000000 0.000000 0.000000
122 0.000000 0.000000 0.000000
124 0.000000 0.000000 0.000000
126 0.000000 0.000000 0.000000
128 0.000000 0.000000 0.000000
130 0.000000 0.000000 0.000000
132 0.000000 0.000000 0.000000
134 0.000000 0.000000 0.000000
136 0.000000 0.000000 0.000000
138 0.000000 0.000000 0.000000
140 0.000000 0.000000 0.000000
142 0.000000 0.000000 0.000000
144 0.000000 0.000000 0.000000
146 0.000000 0.000000 0.000000
148 0.000000 0.000000 0.000000
150 0.000000 0.000000 0.000000
152 0.000000 0.000000 0.000000
154 0.000000 0.000000 0.000000
156 0.000000 0.000000 0.000000
158 0.000000 0.000000 0.000000
160 0.000000 0.000000 0.000000
162 0.000000 0.000000 0.000000
164 0.000000 0.000000 0.000000
166 0.000000 0.000000 0.000000
168 0.000000 0.000000 0.000000
170 0.000000 0.000000 0.000000
172 0.000000 0.000000 0.000000
174 0.000000 0.000000 0.000000
176 0.000000 0.000000 0.000000
178 0.000000 0.000000 0.000000
180 0.000000 0.000000 0.000000
182 0.000000 0.000000 0.000000
184 0.000000 0.000000 0.000000
186 0.000000 0.000000 0.000000
188 0.000000 0.000000 0.000000
190 0.000000 0.000000 0.000000
192 0.000000 0.000000 0.000000
194 0.000000 0.000000 0.000000
196 0.000000 0.000000 0.000000
198 0.000000 0.000000 0.000000
200 0.000000 0.000000 0.000000
202 0.000000 0.000000 0.000000
204 0.000000 0.000000 0.000000
206 0.000000 0.000000 0.000000
208 0.000000 0.000000 0.000000
210 0.000000 0.000000 0.000000
212 0.000000 0.000000 0.000000
214 0.000000 0.000000 0.000000
216 0.000000 0.000000 0.000000
218 0.000000 0.000000 0.000000
220 0.000000 0.000000 0.000000
222 0.000000 0.000000 0.000000
224 0.000000 0.000000 0.000000
226 0.000000 0.000000 0.000000
228 0.000000 0.000000 0.000000
230 0.000000 0.000000 0.000000
232 0.000000 0.000000 0.000000
234 0.000000 0.000000 0.000000
236 0.000000 0.000000 0.000000
238 0.000000 0.000000 0.000000
240 0.000000 0.000000 0.000000
242 0.000000 0.000000 0.000000
244 0.000000 0.000000 0.000000
246 0.000000 0.000000 0.000000
248 0.000000 0.000000 0.000000
250 0.000000 0.000000 0.000000
252 0.000000 0.000000 0.000000
254 0.000000 0.000000 0.000000
256 0.000000 0.000000 0.000000
258 0.000000 0.000000 0.000000
260 0.000000 0.000000 0.000000
262 0.000000 0.000000 0.000000
264 0.000000 0.000000 0.000000
266 0.000000 0.000000 0.000000
268 0.000000 0.000000 0.000000
270 0.000000 0.000000 0.000000
272 0.000000 0.000000 0.000000
274 0.000000 0.000000 0.000000
276 0.000000 0.000000 0.000000
278 0.000000 0.000000 0.000000
280 0.000000 0.000000 0.000000
282 0.000000 0.000000 0.000000
284 0.000000 0.000000 0.000000
286 0.000000 0.000000 0.000000
288 0.000000 0.000000 0.000000
290 0.000000 0.000000 0.000000
292 0.000000 0.000000 0.000000
294 0.000000 0.000000 0.000000
296 0.000000 0.000000 0.000000
298 0.000000 0.000000 0.000000
300 0.000000 0.000000 0.000000
302 0.000000 0.000000 0.000000
304 0.000000 0.000000 0.000000
306 0.000000 0.000000 0.000000
308 0.000000 0.000000 0.000000
310 0.000000 0.000000 0.000000
312 0.000000 0.000000 0.000000
314 0.000000 0.000000 0.000000
316 0.000000 0.000000 0.000000
318 0.000000 0.000000 0.000000
320 0.000000 0.000000 0.000000
322 0.000000 0.000000 0.000000
324 0.000000 0.000000 0.000000
326 0.000000 0.000000 0.000000
328 0.000000 0.000000 0.000000
330 0.000000 0.000000 0.000000
332 0.000000 0.000000 0.000000
334 0.000000 0.000000 0.000000
336 0.000000 0.000000 0.000000
338 0.000000 0.000000 0.000000
340 0.000000 0.000000 0.000000
342 0.000000 0.000000 0.000000
344 0.000000 0.000000 0.000000
346 0.000000 0.000000 0.000000
348 0.000000 0.000000 0.000000
350 0.000000 0.000000 0.000000
352 0.000000 0.000000 0.000000
354 0.000000 0.000000 0.000000
356 0.000000 0.000000 0.000000
358 0.000000 0.000000 0.000000
360 0.000000 0.000000 0.000000
362 0.000000 0.000000 0.000000
364 0.000000 0.000000 0.000000
366 0.000000 0.000000 0.000000
368 0.000000 0.000000 0.000000
370 0.000000 0.000000 0.000000
372 0.000000 0.000000 0.000000
374 0.000000 0.000000 0.000000
376 0.000000 0.000000 0.000000
378 0.000000 0.000000 0.000000
380 0.000000 0.000000 0.000000
382 0.000000 0.000000 0.000000
384 0.000000 0.000000 0.000000
386 0.000000 0.000000 0.000000
388 0.000000 0.000000 0.000000
390 0.000000 0.000000 0.000000
392 0.000000 0.000000 0.000000
394 0.000000 0.000000 0.000000
396 0.000000 0.000000 0.000000
398 0.000000 0.000000 0.000000
400 0.000000 0.000000 0.000000
402 0.000000 0.000000 0.000000
404 0.000000 0.000000 0.000000
406 0.000000 0.000000 0.000000
408 0.000000 0.000000 0.000000
410 0.000000 0.000000 0.000000
412 0.000000 0.000000 0.000000
414 0.000000 0.000000 0.000000
416 0.000000 0.000000 0.000000
418 0.000000 0.000000 0.000000
420 0.000000 0.000000 0.000000
422 0.000000 0.000000 0.000000
424 0.000000 0.000000 0.000000
426 0.000000 0.000000 0.000000
428 0.000000 0.000000 0.000000
430 0.000000 0.000000 0.000000
432 0.000000 0.000000 0.000000
434 0.000000 0.000000 0.000000
436 0.000000 0.000000 0.000000
438 0.000000 0.000000 0.000000
440 0.000000 0.000000 0.000000
442 0.000000 0.000000 0.000000
444 0.000000 0.000000 0.000000
446 0.000000 0.000000 0.000000
448 0.000000 0.000000 0.000000
450 0.000000 0.000000 0.000000
452 0.000000 0.000000 0.000000
454 0.000000 0.000000 0.000000
456 0.000000 0.000000 0.000000
458 0.000000 0.000000 0.000000
460 0.000000 0.000000 0.000000
462 0.000000 0.000000 0.000000
464 0.000000 0.000000 0.000000
466 0.000000 0.000000 0.000000
468 0.000000 0.000000 0.000000
470 0.000000 0.000000 0.000000
472 0.000000 0.000000 0.000000
474 0.000000 0.000000 0.000000
476 0.000000 0.000000 0.000000
478 0.000000 0.000000 0.000000
480 0.000000 0.000000 0.000000
482 0.000000 0.000000 0.000000
484 0.000000 0.000000 0.000000
486 0.000000 0.000000 0.000000
488 0.000000 0.000000 0.000000
490 0.000000 0.000000 0.000000
492 0.000000 0.000000 0.000000
494 0.000000 0.000000 0.000000
496 0.000000 0.000000 0.000000
498 0.000000 0.000000 0.000000
20 0.000000 0.000000 0.000000
22 0.000000 0.000000 0.000000
24 0.000000 0.000000 0.000000
26 0.000000 0.000000 0.000000
28 0.000000 0.000000 0.000000
30 0.000000 0.000000 0.000000
32 0.000000 0.000000 0.000000
34 0.000000 0.000000 0.000000
36 0.000000 0.000000 0.000000
38 0.000000 0.000000 0.000000
40 0.000000 0.000000 0.000000
42 0.000000 0.000000 0.000000
44 0.000000 0.000000 0.000000
46 0.000000 0.000000 0.000000
48 0.000000 0.000000 0.000000
50 0.000000 0.000000 0.000000
52 0.000000 0.000000 0.000000
54 0.000000 0.000000 0.000000
56 0.000000 0.000000 0.000000
58 0.000000 0.000000 0.000000
60 0.000000 0.000000 0.000000
62 0.000000 0.000000 0.000000
64 0.000000 0.000000 0.000000
66 0.000000 0.000000 0.000000
68 0.000000 0.000000 0.000000
70 0.000000 0.000000 0.000000
72 0.000000 0.000000 0.000000
74 0.000000 0.000000 0.000000
76 0.000000 0.000000 0.000000
78 0.000000 0.000000 0.000000
80 0.000000 0.000000 0.000000
82 0.000000 0.000000 0.000000
84 0.000000 0.000000 0.000000
86 0.000000 0.000000 0.000000
88 0.000000 0.000000 0.000000
90 0.000000 0.000000 0.000000
92 0.000000 0.000000 0.000000
94 0.000000 0.000000 0.000000
96 0.000000 0.000000 0.000000
98 0.000000 0.000000 0.000000
100 0.000000 0.000000 0.000000
102 0.000000 0.000000 0.000000
104 0.000000 0.000000 0.000000
106 0.000000 0.000000 0.000000
108 0.000000 0.000000 0.000000
110 0.000000 0.000000 0.000000
112 0.000000 0.000000 0.000000
114 0.000000 0.000000 0.000000
116 0.000000 0.000000 0.000000
118 0.000000 0.000000 0.000000
120 0.000000 0.000000 0.000000
122 0.000000 0.000000 0.000000
124 0.000000 0.000000 0.000000
126 0.000000 0.000000 0.000000
128 0.000000 0.000000 0.000000
130 0.000000 0.000000 0.000000
132 0.000000 0.000000 0.000000
134 0.000000 0.000000 0.000000
136 0.000000 0.000000 0.000000
138 0.000000 0.000000 0.000000
140 0.000000 0.000000 0.000000
142 0.000000 0.000000 0.000000
144 0.000000 0.000000 0.000000
146 0.000000 0.000000 0.000000
148 0.000000 0.000000 0.000000
150 0.000000 0.000000 0.000000
152 0.000000 0.000000 0.000000
154 0.000000 0.000000 0.000000
156 0.000000 0.000000 0.000000
158 0.000000 0.000000 0.000000
160 0.000000 0.000000 0.000000
162 0.000000 0.000000 0.000000
164 0.000000 0.000000 0.000000
166 0.000000 0.000000 0.000000
168 0.000000 0.000000 0.000000
170 0.000000 0.000000 0.000000
172 0.000000 0.000000 0.000000
174 0.000000 0.000000 0.000000
176 0.000000 0.000000 0.000000
178 0.000000 0.000000 0.000000
180 0.000000 0.000000 0.000000
182 0.000000 0.000000 0.000000
184 0.000000 0.000000 0.000000
186 0.000000 0.000000 0.000000
188 0.000000 0.000000 0.000000
190 0.000000 0.000000 0.000000
192 0.000000 0.000000 0.000000
194 0.000000 0.000000 0.000000
196 0.000000 0.000000 0.000000
198 0.000000 0.000000 0.000000
200 0.000000 0.000000 0.000000
202 0.000000 0.000000 0.000000
204 0.000000 0.000000 0.000000
206 0.000000 0.000000 0.000000
208 0.000000 0.000000 0.000000
210 0.000000 0.000000 0.000000
212 0.000000 0.000000 0.000000
214 0.000000 0.000000 0.000000
216 0.000000 0.000000 0.000000
218 0.000000 0.000000 0.000000
220 0.000000 0.000000 0.000000
222 0.000000 0.000000 0.000000
224 0.000000 0.000000 0.000000
226 0.000000 0.000000 0.000000
228 0.000000 0.000000 0.000000
230 0.000000 0.000000 0.000000
232 0.000000 0.000000 0.000000
234 0.000000 0.000000 0.000000
236 0.000000 0.000000 0.000000
238 0.000000 0.000000 0.000000
240 0.000000 0.000000 0.000000
242 0.000000 0.000000 0.000000
244 0.000000 0.000000 0.000000
246 0.000000 0.000000 0.000000
248 0.000000 0.000000 0.000000
250 0.000000 0.000000 0.000000
252 0.000000 0.000000 0.000000
254 0.000000 0.000000 0.000000
256 0.000000 0.000000 0.000000
258 0.000000 0.000000 0.000000
260 0.000000 0.000000 0.000000
262 0.000000 0.000000 0.000000
264 0.000000 0.000000 0.000000
266 0.000000 0.000000 0.000000
268 0.000000 0.000000 0.000000
270 0.000000 0.000000 0.000000
272 0.000000 0.000000 0.000000
274 0.000000 0.000000 0.000000
276 0.000000 0.000000 0.000000
278 0.000000 0.000000 0.000000
280 0.000000 0.000000 0.000000
282 0.000000 0.000000 0.000000
284 0.000000 0.000000 0.000000
286 0.000000 0.000000 0.000000
288 0.000000 0.000000 0.000000
290 0.000000 0.000000 0.000000
292 0.000000 0.000000 0.000000
294 0.000000 0.000000 0.000000
296 0.000000 0.000000 0.000000
298 0.000000 0.000000 0.000000
300 0.000000 0.000000 0.000000
302 0.000000 0.000000 0.000000
304 0.000000 0.000000 0.000000
306 0.000000 0.000000 0.000000
308 0.000000 0.000000 0.000000
310 0.000000 0.000000 0.000000
312 0.000000 0.000000 0.000000
314 0.000000 0.000000 0.000000
316 0.000000 0.000000 0.000000
318 0.000000 0.000000 0.000000
320 0.000000 0.000000 0.000000
322 0.000000 0.000000 0.000000
324 0.000000 0.000000 0.000000
326 0.000000 0.000000 0.000000
328 0.000000 0.000000 0.000000
330 0.000000 0.000000 0.000000
332 0.000000 0.000000 0.000000
334 0.000000 0.000000 0.000000
336 0.000000 0.000000 0.000000
338 0.000000 0.000000 0.000000
340 0.000000 0.000000 0.000000
342 0.000000 0.000000 0.000000
344 0.000000 0.000000 0.000000
346 0.000000 0.000000 0.000000
348 0.000000 0.000000 0.000000
350 0.000000 0.000000 0.000000
352 0.000000 0.000000 0.000000
354 0.000000 0.000000 0.000000
356 0.000000 0.000000 0.000000
358 0.000000 0.000000 0.000000
360 0.000000 0.000000 0.000000
362 0.000000 0.000000 0.000000
364 0.000000 0.000000 0.000000
366 0.000000 0.000000 0.000000
368 0.000000 0.000000 0.000000
370 0.000000 0.000000 0.000000
372 0.000000 0.000000 0.000000
374 0.000000 0.000000 0.000000
376 0.000000 0.000000 0.000000
378 0.000000 0.000000 0.000000
380 0.000000 0.000000 0.000000
382 0.000000 0.000000 0.000000
384 0.000000 0.000000 0.000000
386 0.000000 0.000000 0.000000
388 0.000000 0.000000 0.000000
390 0.000000 0.000000 0.000000
392 0.000000 0.000000 0.000000
394 0.000000 0.000000 0.000000
396 0.000000 0.000000 0.000000
398 0.000000 0.000000 0.000000
400 0.000000 0.000000 0.000000
402 0.000000 0.000000 0.000000
404 0.000000 0.000000 0.000000
406 0.000000 0.000000 0.000000
408 0.000000 0.000000 0.000000
410 0.000000 0.000000 0.000000
412 0.000000 0.000000 0.000000
414 0.000000 0.000000 0.000000
416 0.000000 0.000000 0.000000
418 0.000000 0.000000 0.000000
420 0.000000 0.000000 0.000000
422 0.000000 0.000000 0.000000
424 0.000000 0.000000 0.000000
426 0.000000 0.000000 0.000000
428 0.000000 0.000000 0.000000
430 0.000000 0.000000 0.000000
432 0.000000 0.000000 0.000000
434 0.000000 0.000000 0.000000
436 0.000000 0.000000 0.000000
438 0.000000 0.000000 0.000000
440 0.000000 0.000000 0.000000
442 0.000000 0.000000 0.000000
444 0.000000 0.000000 0.000000
446 0.000000 0.000000 0.000000
448 0.000000 0.000000 0.000000
450 0.000000 0.000000 0.000000
452 0.000000 0.000000 0.000000
454 0.000000 0.000000 0.000000
456 0.000000 0.000000 0.000000
458 0.000000 0.000000 0.000000
460 0.000000 0.000000 0.000000
462 0.000000 0.000000 0.000000
464 0.000000 0.000000 0.000000
466 0.000000 0.000000 0.000000
468 0.000000 0.000000 0.000000
470 0.000000 0.000000 0.000000
472 0.000000 0.000000 0.000000
474 0.000000 0.000000 0.000000
476 0.000000 0.000000 0.000000
478 0.000000 0.000000 0.000000
480 0.000000 0.000000 0.000000
482 0.000000 0.000000 0.000000
484 0.000000 0.000000 0.000000
486 0.000000 0.000000 0.000000
488 0.000000 0.000000 0.000000
490 0.000000 0.000000 0.000000
492 0.000000 0.000000 0.000000
494 0.000000 0.000000 0.000000
496 0.000000 0.000000 0.000000
498 0.000000 0.000000 0.000000
20 0.000000 0.000000 0.000000
22 0.000000 0.000000 0.000000
24 0.000000 0.000000 0.000000
26 0.000000 0.000000 0.000000
28 0.000000 0.000000 0.000000
30 0.000000 0.000000 0.000000
32 0.000000 0.000000 0.000000
34 0.000000 0.000000 0.000000
36 0.000000 0.000000 0.000000
38 0.000000 0.000000 0.000000
40 0.000000 0.000000 0.000000
42 0.000000 0.000000 0.000000
44 0.000000 0.000000 0.000000
46 0.000000 0.000000 0.000000
48 0.000000 0.000000 0.000000
50 0.000000 0.000000 0.000000
52 0.000000 0.000000 0.000000
54 0.000000 0.000000 0.000000
56 0.000000 0.000000 0.000000
58 0.000000 0.000000 0.000000
60 0.000000 0.000000 0.000000
62 0.000000 0.000000 0.000000
64 0.000000 0.000000 0.000000
66 0.000000 0.000000 0.000000
68 0.000000 0.000000 0.000000
70 0.000000 0.000000 0.000000
72 0.000000 0.000000 0.000000
74 0.000000 0.000000 0.000000
76 0.000000 0.000000 0.000000
78 0.000000 0.000000 0.000000
80 0.000000 0.000000 0.000000
82 0.000000 0.000000 0.000000
84 0.000000 0.000000 0.000000
86 0.000000 0.000000 0.000000
88 0.000000 0.000000 0.000000
90 0.000000 0.000000 0.000000
92 0.000000 0.000000 0.000000
94 0.000000 0.000000 0.000000
96 0.000000 0.000000 0.000000
98 0.000000 0.000000 0.000000
100 0.000000 0.000000 0.000000
102 0.000000 0.000000 0.000000
104 0.000000 0.000000 0.000000
106 0.000000 0.000000 0.000000
108 0.000000 0.000000 0.000000
110 0.000000 0.000000 0.000000
112 0.000000 0.000000 0.000000
114 0.000000 0.000000 0.000000
116 0.000000 0.000000 0.000000
118 0.000000 0.000000 0.000000
120 0.000000 0.000000 0.000000
122 0.000000 0.000000 0.000000
124 0.000000 0.000000 0.000000
126 0.000000 0.000000 0.000000
128 0.000000 0.000000 0.000000
130 0.000000 0.000000 0.000000
132 0.000000 0.000000 0.000000
134 0.000000 0.000000 0.000000
136 0.000000 0.000000 0.000000
138 0.000000 0.000000 0.000000
140 0.000000 0.000000 0.000000
142 0.000000 0.000000 0.000000
144 0.000000 0.000000 0.000000
146 0.000000 0.000000 0.000000
148 0.000000 0.000000 0.000000
150 0.000000 0.000000 0.000000
152 0.000000 0.000000 0.000000
154 0.000000 0.000000 0.000000
156 0.000000 0.000000 0.000000
158 0.000000 0.000000 0.000000
160 0.000000 0.000000 0.000000
162 0.000000 0.000000 0.000000
164 0.000000 0.000000 0.000000
166 0.000000 0.000000 0.000000
168 0.000000 0.000000 0.000000
170 0.000000 0.000000 0.000000
172 0.000000 0.000000 0.000000
174 0.000000 0.000000 0.000000
176 0.000000 0.000000 0.000000
178 0.000000 0.000000 0.000000
180 0.000000 0.000000 0.000000
182 0.000000 0.000000 0.000000
184 0.000000 0.000000 0.000000
186 0.000000 0.000000 0.000000
188 0.000000 0.000000 0.000000
190 0.000000 0.000000 0.000000
192 0.000000 0.000000 0.000000
194 0.000000 0.000000 0.000000
196 0.000000 0.000000 0.000000
198 0.000000 0.000000 0.000000
200 0.000000 0.000000 0.000000
202 0.000000 0.000000 0.000000
204 0.000000 0.000000 0.000000
206 0.000000 0.000000 0.000000
208 0.000000 0.000000 0.000000
210 0.000000 0.000000 0.000000
212 0.000000 0.000000 0.000000
214 0.000000 0.000000 0.000000
216 0.000000 0.000000 0.000000
218 0.000000 0.000000 0.000000
220 0.000000 0.000000 0.000000
222 0.000000 0.000000 0.000000
224 0.000000 0.000000 0.000000
226 0.000000 0.000000 0.000000
228 0.000000 0.000000 0.000000
230 0.000000 0.000000 0.000000
232 0.000000 0.000000 0.000000
234 0.000000 0.000000 0.000000
236 0.000000 0.000000 0.000000
238 0.000000 0.000000 0.000000
240 0.000000 0.000000 0.000000
242 0.000000 0.000000 0.000000
244 0.000000 0.000000 0.000000
246 0.000000 0.000000 0.000000
248 0.000000 0.000000 0.000000
250 0.000000 0.000000 0.000000
252 0.000000 0.000000 0.000000
254 0.000000 0.000000 0.000000
256 0.000000 0.000000 0.000000
258 0.000000 0.000000 0.000000
260 0.000000 0.000000 0.000000
262 0.000000 0.000000 0.000000
264 0.000000 0.000000 0.000000
266 0.000000 0.000000 0.000000
268 0.000000 0.000000 0.000000
270 0.000000 0.000000 0.000000
272 0.000000 0.000000 0.000000
274 0.000000 0.000000 0.000000
276 0.000000 0.000000 0.000000
278 0.000000 0.000000 0.000000
280 0.000000 0.000000 0.000000
282 0.000000 0.000000 0.000000
284 0.000000 0.000000 0.000000
286 0.000000 0.000000 0.000000
288 0.000000 0.000000 0.000000
290 0.000000 0.000000 0.000000
292 0.000000 0.000000 0.000000
294 0.000000 0.000000 0.000000
296 0.000000 0.000000 0.000000
298 0.000000 0.000000 0.000000
300 0.000000 0.000000 0.000000
302 0.000000 0.000000 0.000000
304 0.000000 0.000000 0.000000
306 0.000000 0.000000 0.000000
308 0.000000 0.000000 0.000000
310 0.000000 0.000000 0.000000
312 0.000000 0.000000 0.000000
314 0.000000 0.000000 0.000000
316 0.000000 0.000000 0.000000
318 0.000000 0.000000 0.000000
320 0.000000 0.000000 0.000000
322 0.000000 0.000000 0.000000
324 0.000000 0.000000 0.000000
326 0.000000 0.000000 0.000000
328 0.000000 0.000000 0.000000
330 0.000000 0.000000 0.000000
332 0.000000 0.000000 0.000000
334 0.000000 0.000000 0.000000
336 0.000000 0.000000 0.000000
338 0.000000 0.000000 0.000000
340 0.000000 0.000000 0.000000
342 0.000000 0.000000 0.000000
344 0.000000 0.000000 0.000000
346 0.000000 0.000000 0.000000
348 0.000000 0.000000 0.000000
350 0.000000 0.000000 0.000000
352 0.000000 0.000000 0.000000
354 0.000000 0.000000 0.000000
356 0.000000 0.000000 0.000000
358 0.000000 0.000000 0.000000
360 0.000000 0.000000 0.000000
362 0.000000 0.000000 0.000000
364 0.000000 0.000000 0.000000
366 0.000000 0.000000 0.000000
368 0.000000 0.000000 0.000000
370 0.000000 0.000000 0.000000
372 0.000000 0.000000 0.000000
374 0.000000 0.000000 0.000000
376 0.000000 0.000000 0.000000
378 0.000000 0.000000 0.000000
380 0.000000 0.000000 0.000000
382 0.000000 0.000000 0.000000
384 0.000000 0.000000 0.000000
386 0.000000 0.000000 0.000000
388 0.000000 0.000000 0.000000
390 0.000000 0.000000 0.000000
392 0.000000 0.000000 0.000000
394 0.000000 0.000000 0.000000
396 0.000000 0.000000 0.000000
398 0.000000 0.000000 0.000000
400 0.000000 0.000000 0.000000
402 0.000000 0.000000 0.000000
404 0.000000 0.000000 0.000000
406 0.000000 0.000000 0.000000
408 0.000000 0.000000 0.000000
410 0.000000 0.000000 0.000000
412 0.000000 0.000000 0.000000
414 0.000000 0.000000 0.000000
416 0.000000 0.000000 0.000000
418 0.000000 0.000000 0.000000
420 0.000000 0.000000 0.000000
422 0.000000 0.000000 0.000000
424 0.000000 0.000000 0.000000
426 0.000000 0.000000 0.000000
428 0.000000 0.000000 0.000000
430 0.000000 0.000000 0.000000
432 0.000000 0.000000 0.000000
434 0.000000 0.000000 0.000000
436 0.000000 0.000000 0.000000
438 0.000000 0.000000 0.000000
440 0.000000 0.000000 0.000000
442 0.000000 0.000000 0.000000
444 0.000000 0.000000 0.000000
446 0.000000 0.000000 0.000000
448 0.000000 0.000000 0.000000
450 0.000000 0.000000 0.000000
452 0.000000 0.000000 0.000000
454 0.000000 0.000000 0.000000
456 0.000000 0.000000 0.000000
458 0.000000 0.000000 0.000000
460 0.000000 0.000000 0.000000
462 0.000000 0.000000 0.000000
464 0.000000 0.000000 0.000000
466 0.000000 0.000000 0.000000
468 0.000000 0.000000 0.000000
470 0.000000 0.000000 0.000000
472 0.000000 0.000000 0.000000
474 0.000000 0.000000 0.000000
476 0.000000 0.000000 0.000000
478 0.000000 0.000000 0.000000
480 0.000000 0.000000 0.000000
482 0.000000 0.000000 0.000000
484 0.000000 0.000000 0.000000
486 0.000000 0.000000 0.000000
488 0.000000 0.000000 0.000000
490 0.000000 0.000000 0.000000
492 0.000000 0.000000 0.000000
494 0.000000 0.000000 0.000000
496 0.000000 0.000000 0.000000
498 0.000000 0.000000 0.000000
20 0.000000 0.000000 0.000000
22 0.000000 0.000000 0.000000
24 0.000000 0.000000 0.000000
26 0.000000 0.000000 0.000000
28 0.000000 0.000000 0.000000
30 0.000000 0.000000 0.000000
32 0.000000 0.000000 0.000000
34 0.000000 0.000000 0.000000
36 0.000000 0.000000 0.000000
38 0.000000 0.000000 0.000000
40 0.000000 0.000000 0.000000
42 0.000000 0.000000 0.000000
44 0.000000 0.000000 0.000000
46 0.000000 0.000000 0.000000
48 0.000000 0.000000 0.000000
50 0.000000 0.000000 0.000000
52 0.000000 0.000000 0.000000
54 0.000000 0.000000 0.000000
56 0.000000 0.000000 0.000000
58 0.000000 0.000000 0.000000
60 0.000000 0.000000 0.000000
62 0.000000 0.000000 0.000000
64 0.000000 0.000000 0.000000
66 0.000000 0.000000 0.000000
68 0.000000 0.000000 0.000000
70 0.000000 0.000000 0.000000
72 0.000000 0.000000 0.000000
74 0.000000 0.000000 0.000000
76 0.000000 0.000000 0.000000
78 0.000000 0.000000 0.000000
80 0.000000 0.000000 0.000000
82 0.000000 0.000000 0.000000
84 0.000000 0.000000 0.000000
86 0.000000 0.000000 0.000000
88 0.000000 0.000000 0.000000
90 0.000000 0.000000 0.000000
92 0.000000 0.000000 0.000000
94 0.000000 0.000000 0.000000
96 0.000000 0.000000 0.000000
98 0.000000 0.000000 0.000000
100 0.000000 0.000000 0.000000
102 0.000000 0.000000 0.000000
104 0.000000 0.000000 0.000000
106 0.000000 0.000000 0.000000
108 0.000000 0.000000 0.000000
110 0.000000 0.000000 0.000000
112 0.000000 0.000000 0.000000
114 0.000000 0.000000 0.000000
116 0.000000 0.000000 0.000000
118 0.000000 0.000000 0.000000
120 0.000000 0.000000 0.000000
122 0.000000 0.000000 0.000000
124 0.000000 0.000000 0.000000
126 0.000000 0.000000 0.000000
128 0.000000 0.000000 0.000000
130 0.000000 0.000000 0.000000
132 0.000000 0.000000 0.000000
134 0.000000 0.000000 0.000000
136 0.000000 0.000000 0.000000
138 0.000000 0.000000 0.000000
140 0.000000 0.000000 0.000000
142 0.000000 0.000000 0.000000
144 0.000000 0.000000 0.000000
146 0.000000 0.000000 0.000000
148 0.000000 0.000000 0.000000
150 0.000000 0.000000 0.000000
152 0.000000 0.000000 0.000000
154 0.000000 0.000000 0.000000
156 0.000000 0.000000 0.000000
158 0.000000 0.000000 0.000000
160 0.000000 0.000000 0.000000
162 0.000000 0.000000 0.000000
164 0.000000 0.000000 0.000000
166 0.000000 0.000000 0.000000
168 0.000000 0.000000 0.000000
170 0.000000 0.000000 0.000000
172 0.000000 0.000000 0.000000
174 0.000000 0.000000 0.000000
176 0.000000 0.000000 0.000000
178 0.000000 0.000000 0.000000
180 0.000000 0.000000 0.000000
182 0.000000 0.000000 0.000000
184 0.000000 0.000000 0.000000
186 0.000000 0.000000 0.000000
188 0.000000 0.000000 0.000000
190 0.000000 0.000000 0.000000
192 0.000000 0.000000 0.000000
194 0.000000 0.000000 0.000000
196 0.000000 0.000000 0.000000
198 0.000000 0.000000 0.000000
200 0.000000 0.000000 0.000000
202 0.000000 0.000000 0.000000
204 0.000000 0.000000 0.000000
206 0.000000 0.000000 0.000000
208 0.000000 0.000000 0.000000
210 0.000000 0.000000 0.000000
212 0.000000 0.000000 0.000000
214 0.000000 0.000000 0.000000
216 0.000000 0.000000 0.000000
218 0.000000 0.000000 0.000000
220 0.000000 0.000000 0.000000
222 0.000000 0.000000 0.000000
224 0.000000 0.000000 0.000000
226 0.000000 0.000000 0.000000
228 0.000000 0.000000 0.000000
230 0.000000 0.000000 0.000000
232 0.000000 0.000000 0.000000
234 0.000000 0.000000 0.000000
236 0.000000 0.000000 0.000000
238 0.000000 0.000000 0.000000
240 0.000000 0.000000 0.000000
242 0.000000 0.000000 0.000000
244 0.000000 0.000000 0.000000
246 0.000000 0.000000 0.000000
248 0.000000 0.000000 0.000000
250 0.000000 0.000000 0.000000
252 0.000000 0.000000 0.000000
254 0.000000 0.000000 0.000000
256 0.000000 0.000000 0.000000
258 0.000000 0.000000 0.000000
260 0.000000 0.000000 0.000000
262 0.000000 0.000000 0.000000
264 0.000000 0.000000 0.000000
266 0.000000 0.000000 0.000000
268 0.000000 0.000000 0.000000
270 0.000000 0.000000 0.000000
272 0.000000 0.000000 0.000000
274 0.000000 0.000000 0.000000
276 0.000000 0.000000 0.000000
278 0.000000 0.000000 0.000000
280 0.000000 0.000000 0.000000
282 0.000000 0.000000 0.000000
284 0.000000 0.000000 0.000000
286 0.000000 0.000000 0.000000
288 0.000000 0.000000 0.000000
290 0.000000 0.000000 0.000000
292 0.000000 0.000000 0.000000
294 0.000000 0.000000 0.000000
296 0.000000 0.000000 0.000000
298 0.000000 0.000000 0.000000
300 0.000000 0.000000 0.000000
302 0.000000 0.000000 0.000000
304 0.000000 0.000000 0.000000
306 0.000000 0.000000 0.000000
308 0.000000 0.000000 0.000000
310 0.000000 0.000000 0.000000
312 0.000000 0.000000 0.000000
314 0.000000 0.000000 0.000000
316 0.000000 0.000000 0.000000
318 0.000000 0.000000 0.000000
320 0.000000 0.000000 0.000000
322 0.000000 0.000000 0.000000
324 0.000000 0.000000 0.000000
326 0.000000 0.000000 0.000000
328 0.000000 0.000000 0.000000
330 0.000000 0.000000 0.000000
332 0.000000 0.000000 0.000000
334 0.000000 0.000000 0.000000
336 0.000000 0.000000 0.000000
338 0.000000 0.000000 0.000000
340 0.000000 0.000000 0.000000
342 0.000000 0.000000 0.000000
344 0.000000 0.000000 0.000000
346 0.000000 0.000000 0.000000
348 0.000000 0.000000 0.000000
350 0.000000 0.000000 0.000000
352 0.000000 0.000000 0.000000
354 0.000000 0.000000 0.000000
356 0.000000 0.000000 0.000000
358 0.000000 0.000000 0.000000
360 0.000000 0.000000 0.000000
362 0.000000 0.000000 0.000000
364 0.000000 0.000000 0.000000
366 0.000000 0.000000 0.000000
368 0.000000 0.000000 0.000000
370 0.000000 0.000000 0.000000
372 0.000000 0.000000 0.000000
374 0.000000 0.000000 0.000000
376 0.000000 0.000000 0.000000
378 0.000000 0.000000 0.000000
380 0.000000 0.000000 0.000000
382 0.000000 0.000000 0.000000
384 0.000000 0.000000 0.000000
386 0.000000 0.000000 0.000000
388 0.000000 0.000000 0.000000
390 0.000000 0.000000 0.000000
392 0.000000 0.000000 0.000000
394 0.000000 0.000000 0.000000
396 0.000000 0.000000 0.000000
398 0.000000 0.000000 0.000000
400 0.000000 0.000000 0.000000
402 0.000000 0.000000 0.000000
404 0.000000 0.000000 0.000000
406 0.000000 0.000000 0.000000
408 0.000000 0.000000 0.000000
410 0.000000 0.000000 0.000000
412 0.000000 0.000000 0.000000
414 0.000000 0.000000 0.000000
416 0.000000 0.000000 0.000000
418 0.000000 0.000000 0.000000
420 0.000000 0.000000 0.000000
422 0.000000 0.000000 0.000000
424 0.000000 0.000000 0.000000
426 0.000000 0.000000 0.000000
428 0.000000 0.000000 0.000000
430 0.000000 0.000000 0.000000
432 0.000000 0.000000 0.000000
434 0.000000 0.000000 0.000000
436 0.000000 0.000000 0.000000
438 0.000000 0.000000 0.000000
440 0.000000 0.000000 0.000000
442 0.000000 0.000000 0.000000
444 0.000000 0.000000 0.000000
446 0.000000 0.000000 0.000000
448 0.000000 0.000000 0.000000
450 0.000000 0.000000 0.000000
452 0.000000 0.000000 0.000000
454 0.000000 0.000000 0.000000
456 0.000000 0.000000 0.000000
458 0.000000 0.000000 0.000000
460 0.000000 0.000000 0.000000
462 0.000000 0.000000 0.000000
464 0.000000 0.000000 0.000000
466 0.000000 0.000000 0.000000
468 0.000000 0.000000 0.000000
470 0.000000 0.000000 0.000000
472 0.000000 0.000000 0.000000
474 0.000000 0.000000 0.000000
476 0.000000 0.000000 0.000000
478 0.000000 0.000000 0.000000
480 0.000000 0.000000 0.000000
482 0.000000 0.000000 0.000000
484 0.000000 0.000000 0.000000
486 0.000000 0.000000 0.000000
488 0.000000 0.000000 0.000000
490 0.000000 0.000000 0.000000
492 0.000000 0.000000 0.000000
494 0.000000 0.000000 0.000000
496 0.000000 0.000000 0.000000
498 0.000000 0.000000 0.000000
