20 1.000000 1.000000 1.000000
30 1.000000 1.000000 1.000000
40 1.000000 1.000000 1.000000
50 1.000000 1.000000 1.000000
60 1.000000 1.000000 1.000000
70 1.000000 1.000000 1.000000
80 1.000000 1.000000 1.000000
90 1.000000 1.000000 1.000000
100 0.990000 0.990000 0.990000
110 1.000000 1.000000 1.000000
120 1.000000 1.000000 1.000000
130 1.000000 1.000000 1.000000
140 1.000000 1.000000 1.000000
150 1.000000 1.000000 1.000000
160 1.000000 1.000000 1.000000
170 1.000000 1.000000 1.000000
180 1.000000 1.000000 1.000000
190 1.000000 1.000000 1.000000
200 1.000000 1.000000 1.000000
210 1.000000 1.000000 1.000000
220 1.000000 1.000000 1.000000
230 1.000000 1.000000 1.000000
240 1.000000 1.000000 1.000000
250 1.000000 1.000000 1.000000
260 1.000000 1.000000 1.000000
270 1.000000 1.000000 1.000000
280 1.000000 1.000000 1.000000
290 1.000000 1.000000 1.000000
300 1.000000 1.000000 1.000000
310 1.000000 1.000000 1.000000
320 1.000000 1.000000 1.000000
330 0.990909 0.990909 0.990909
340 1.000000 1.000000 1.000000
350 1.000000 1.000000 1.000000
360 0.969444 0.969444 0.969444
370 0.975676 0.975676 0.972973
380 0.950000 0.950000 0.947368
390 0.861538 0.861538 0.861538
400 0.745000 0.745000 0.745000
410 0.587805 0.587805 0.587805
420 0.473810 0.473810 0.471429
430 0.467442 0.467442 0.467442
440 0.579545 0.579545 0.575000
450 0.406667 0.404444 0.402222
460 0.400000 0.397826 0.395652
470 0.202128 0.200000 0.200000
480 0.204167 0.204167 0.204167
490 0.183673 0.181633 0.181633
500 0.086000 0.086000 0.086000
510 0.041176 0.041176 0.041176
520 0.051923 0.051923 0.051923
530 0.028302 0.028302 0.028302
540 0.009259 0.009259 0.009259
550 0.012727 0.012727 0.012727
560 0.010714 0.010714 0.010714
570 0.005263 0.005263 0.005263
580 0.010345 0.010345 0.010345
590 0.005085 0.005085 0.005085
600 0.005085 0.000000 0.000000
610 0.000000 0.000000 0.000000
620 0.000000 0.000000 0.000000
630 0.001587 0.001587 0.001587
640 0.001563 0.001563 0.001563
650 0.000000 0.000000 0.000000
660 0.000000 0.000000 0.000000
670 0.000000 0.000000 0.000000
680 0.000000 0.000000 0.000000
690 0.000000 0.000000 0.000000
700 0.000000 0.000000 0.000000
710 0.000000 0.000000 0.000000
720 0.000000 0.000000 0.000000
730 0.000000 0.000000 0.000000
740 0.000000 0.000000 0.000000
750 0.000000 0.000000 0.000000
760 0.000000 0.000000 0.000000
770 0.000000 0.000000 0.000000
780 0.000000 0.000000 0.000000
790 0.000000 0.000000 0.000000
800 0.000000 0.000000 0.000000
810 0.000000 0.000000 0.000000
820 0.000000 0.000000 0.000000
830 0.000000 0.000000 0.000000
840 0.000000 0.000000 0.000000
850 0.000000 0.000000 0.000000
860 0.000000 0.000000 0.000000
870 0.000000 0.000000 0.000000
880 0.000000 0.000000 0.000000
890 0.000000 0.000000 0.000000
900 0.000000 0.000000 0.000000
910 0.000000 0.000000 0.000000
920 0.000000 0.000000 0.000000
930 0.000000 0.000000 0.000000
940 0.000000 0.000000 0.000000
950 0.000000 0.000000 0.000000
960 0.000000 0.000000 0.000000
970 0.000000 0.000000 0.000000
980 0.000000 0.000000 0.000000
990 0.000000 0.000000 0.000000
1000 0.000000 0.000000 0.000000
1010 0.000000 0.000000 0.000000
20 1.000000 1.000000 1.000000
30 0.966667 0.966667 0.966667
40 1.000000 1.000000 1.000000
50 1.000000 1.000000 1.000000
60 1.000000 1.000000 1.000000
70 1.000000 1.000000 1.000000
80 1.000000 1.000000 1.000000
90 1.000000 1.000000 1.000000
100 1.000000 1.000000 1.000000
110 0.990909 0.990909 0.990909
120 1.000000 1.000000 1.000000
130 1.000000 1.000000 1.000000
140 1.000000 1.000000 1.000000
150 1.000000 1.000000 1.000000
160 1.000000 1.000000 1.000000
170 1.000000 1.000000 1.000000
180 1.000000 1.000000 1.000000
190 1.000000 1.000000 1.000000
200 1.000000 1.000000 1.000000
210 1.000000 1.000000 1.000000
220 1.000000 1.000000 1.000000
230 1.000000 1.000000 1.000000
240 1.000000 1.000000 1.000000
250 1.000000 1.000000 1.000000
260 1.000000 1.000000 1.000000
270 1.000000 1.000000 1.000000
280 1.000000 1.000000 1.000000
290 0.996552 0.996552 0.996552
300 0.996667 0.996667 0.996667
310 1.000000 1.000000 1.000000
320 1.000000 1.000000 1.000000
330 1.000000 1.000000 1.000000
340 1.000000 1.000000 1.000000
350 1.000000 1.000000 1.000000
360 1.000000 1.000000 1.000000
370 1.000000 1.000000 1.000000
380 1.000000 1.000000 1.000000
390 1.000000 1.000000 1.000000
400 1.000000 1.000000 1.000000
410 1.000000 1.000000 1.000000
420 1.000000 1.000000 1.000000
430 0.995349 0.995349 0.995349
440 0.995349 0.995349 0.995349
450 1.000000 1.000000 1.000000
460 1.000000 1.000000 1.000000
470 0.993617 0.993617 0.993617
480 0.993617 0.993617 0.993617
490 0.997959 0.997959 0.997959
500 0.997959 0.997959 0.997959
510 0.980392 0.980392 0.980392
520 0.938462 0.938462 0.936538
530 0.966038 0.966038 0.966038
540 0.844444 0.844444 0.844444
550 0.896364 0.896364 0.896364
560 0.664286 0.664286 0.664286
570 0.840351 0.840351 0.840351
580 0.806897 0.806897 0.806897
590 0.589831 0.589831 0.589831
600 0.589831 0.589831 0.589831
610 0.621311 0.621311 0.621311
620 0.574194 0.574194 0.574194
630 0.541270 0.541270 0.541270
640 0.364063 0.364063 0.364063
650 0.430769 0.430769 0.430769
660 0.342424 0.342424 0.342424
670 0.232836 0.232836 0.232836
680 0.260294 0.260294 0.260294
690 0.150725 0.150725 0.150725
700 0.175714 0.175714 0.174286
710 0.191549 0.191549 0.191549
720 0.113889 0.113889 0.113889
730 0.154795 0.154795 0.154795
740 0.108108 0.108108 0.108108
750 0.081333 0.081333 0.081333
760 0.090789 0.090789 0.090789
770 0.035065 0.035065 0.035065
780 0.026923 0.026923 0.026923
790 0.025316 0.025316 0.025316
800 0.018750 0.018750 0.018750
810 0.022222 0.022222 0.022222
820 0.037805 0.037805 0.037805
830 0.016867 0.016867 0.016867
840 0.003571 0.003571 0.003571
850 0.008235 0.008235 0.008235
860 0.003488 0.003488 0.003488
870 0.008046 0.008046 0.008046
880 0.001136 0.001136 0.001136
890 0.004494 0.004494 0.004494
900 0.003333 0.003333 0.003333
910 0.002198 0.002198 0.002198
920 0.001087 0.001087 0.001087
930 0.003226 0.003226 0.003226
940 0.001064 0.001064 0.001064
950 0.002105 0.002105 0.002105
960 0.000000 0.000000 0.000000
970 0.000000 0.000000 0.000000
980 0.000000 0.000000 0.000000
990 0.001010 0.001010 0.001010
1000 0.000000 0.000000 0.000000
1010 0.000000 0.000000 0.000000
20 1.000000 1.000000 1.000000
30 1.000000 1.000000 1.000000
40 1.000000 1.000000 1.000000
50 1.000000 1.000000 1.000000
60 1.000000 1.000000 1.000000
70 1.000000 1.000000 1.000000
80 1.000000 1.000000 1.000000
90 1.000000 1.000000 1.000000
100 1.000000 1.000000 1.000000
110 1.000000 1.000000 1.000000
120 1.000000 1.000000 1.000000
130 1.000000 1.000000 1.000000
140 1.000000 1.000000 1.000000
150 1.000000 1.000000 1.000000
160 1.000000 1.000000 1.000000
170 1.000000 1.000000 1.000000
180 1.000000 1.000000 1.000000
190 1.000000 1.000000 1.000000
200 1.000000 1.000000 1.000000
210 1.000000 1.000000 1.000000
220 1.000000 1.000000 1.000000
230 0.995652 0.995652 0.995652
240 1.000000 1.000000 1.000000
250 0.996000 0.996000 0.996000
260 1.000000 1.000000 1.000000
270 1.000000 1.000000 1.000000
280 1.000000 1.000000 1.000000
290 1.000000 1.000000 1.000000
300 1.000000 1.000000 1.000000
310 1.000000 1.000000 1.000000
320 1.000000 1.000000 1.000000
330 1.000000 1.000000 1.000000
340 1.000000 1.000000 1.000000
350 1.000000 1.000000 1.000000
360 1.000000 1.000000 1.000000
370 0.997297 0.997297 0.997297
380 1.000000 1.000000 1.000000
390 1.000000 1.000000 1.000000
400 1.000000 1.000000 1.000000
410 1.000000 1.000000 1.000000
420 1.000000 1.000000 1.000000
430 1.000000 1.000000 1.000000
440 1.000000 1.000000 1.000000
450 1.000000 1.000000 1.000000
460 1.000000 1.000000 1.000000
470 1.000000 1.000000 1.000000
480 1.000000 1.000000 1.000000
490 1.000000 1.000000 1.000000
500 1.000000 1.000000 1.000000
510 0.998039 0.998039 0.998039
520 0.986538 0.986538 0.986538
530 1.000000 1.000000 1.000000
540 0.994444 0.994444 0.994444
550 1.000000 1.000000 1.000000
560 1.000000 1.000000 1.000000
570 0.998246 0.998246 0.998246
580 0.987931 0.987931 0.987931
590 0.976271 0.976271 0.976271
600 0.976271 0.976271 0.976271
610 0.972131 0.972131 0.972131
620 0.906452 0.906452 0.906452
630 0.920635 0.920635 0.920635
640 0.843750 0.843750 0.843750
650 0.898462 0.898462 0.898462
660 0.880303 0.880303 0.880303
670 0.788060 0.788060 0.788060
680 0.770588 0.770588 0.770588
690 0.747826 0.747826 0.747826
700 0.617143 0.617143 0.617143
710 0.512676 0.512676 0.512676
720 0.343056 0.343056 0.343056
730 0.500000 0.500000 0.500000
740 0.364865 0.364865 0.364865
750 0.430667 0.430667 0.430667
760 0.419737 0.419737 0.419737
770 0.406494 0.406494 0.406494
780 0.358974 0.358974 0.358974
790 0.405063 0.403797 0.403797
800 0.217500 0.217500 0.217500
810 0.381481 0.381481 0.381481
820 0.190244 0.190244 0.190244
830 0.279518 0.279518 0.279518
840 0.158333 0.158333 0.158333
850 0.154118 0.154118 0.154118
860 0.146512 0.146512 0.146512
870 0.125287 0.125287 0.125287
880 0.062500 0.062500 0.062500
890 0.114607 0.114607 0.114607
900 0.044444 0.044444 0.044444
910 0.075824 0.075824 0.075824
920 0.025000 0.025000 0.025000
930 0.029032 0.029032 0.029032
940 0.032979 0.032979 0.032979
950 0.023158 0.023158 0.023158
960 0.016667 0.016667 0.016667
970 0.031959 0.031959 0.031959
980 0.026531 0.026531 0.026531
990 0.020202 0.020202 0.020202
1000 0.010000 0.010000 0.010000
1010 0.004950 0.004950 0.004950
20 1.000000 1.000000 1.000000
30 1.000000 1.000000 1.000000
40 1.000000 1.000000 1.000000
50 1.000000 1.000000 1.000000
60 1.000000 1.000000 1.000000
70 1.000000 1.000000 1.000000
80 0.987500 0.987500 0.987500
90 1.000000 1.000000 1.000000
100 1.000000 1.000000 1.000000
110 1.000000 1.000000 1.000000
120 1.000000 1.000000 1.000000
130 1.000000 1.000000 1.000000
140 1.000000 1.000000 1.000000
150 1.000000 1.000000 1.000000
160 1.000000 1.000000 1.000000
170 1.000000 1.000000 1.000000
180 1.000000 1.000000 1.000000
190 1.000000 1.000000 1.000000
200 1.000000 1.000000 1.000000
210 1.000000 1.000000 1.000000
220 1.000000 1.000000 1.000000
230 1.000000 1.000000 1.000000
240 1.000000 1.000000 1.000000
250 1.000000 1.000000 1.000000
260 1.000000 1.000000 1.000000
270 0.992593 0.992593 0.992593
280 1.000000 1.000000 1.000000
290 1.000000 1.000000 1.000000
300 1.000000 1.000000 1.000000
310 1.000000 1.000000 1.000000
320 1.000000 1.000000 1.000000
330 1.000000 1.000000 1.000000
340 1.000000 1.000000 1.000000
350 1.000000 1.000000 1.000000
360 1.000000 1.000000 1.000000
370 1.000000 1.000000 1.000000
380 1.000000 1.000000 1.000000
390 1.000000 1.000000 1.000000
400 1.000000 1.000000 1.000000
410 1.000000 1.000000 1.000000
420 1.000000 1.000000 1.000000
430 1.000000 1.000000 1.000000
440 1.000000 1.000000 1.000000
450 0.995556 0.995556 0.995556
460 1.000000 1.000000 1.000000
470 1.000000 1.000000 1.000000
480 1.000000 1.000000 1.000000
490 1.000000 1.000000 1.000000
500 0.998000 0.998000 0.998000
510 1.000000 1.000000 1.000000
520 1.000000 1.000000 1.000000
530 1.000000 1.000000 1.000000
540 1.000000 1.000000 1.000000
550 1.000000 1.000000 1.000000
560 0.998214 0.998214 0.998214
570 0.996491 0.996491 0.996491
580 0.996552 0.996552 0.996552
590 0.989831 0.989831 0.989831
600 0.993333 0.993333 0.993333
610 0.993443 0.993443 0.993443
620 0.970968 0.970968 0.970968
630 0.998413 0.998413 0.998413
640 0.956250 0.956250 0.956250
650 0.966154 0.966154 0.966154
660 0.922727 0.922727 0.922727
670 0.876119 0.876119 0.876119
680 0.769118 0.769118 0.769118
690 0.966667 0.966667 0.966667
700 0.877143 0.877143 0.877143
710 0.712676 0.712676 0.712676
720 0.670833 0.670833 0.670833
730 0.630137 0.630137 0.630137
740 0.654054 0.654054 0.654054
750 0.614667 0.614667 0.614667
760 0.610526 0.610526 0.610526
770 0.575325 0.574026 0.574026
780 0.467949 0.467949 0.467949
790 0.506329 0.506329 0.506329
800 0.546250 0.546250 0.546250
810 0.582716 0.582716 0.582716
820 0.484146 0.484146 0.484146
830 0.534940 0.534940 0.534940
840 0.363095 0.363095 0.363095
850 0.461176 0.461176 0.460000
860 0.245349 0.245349 0.245349
870 0.336782 0.336782 0.336782
880 0.182955 0.182955 0.182955
890 0.223596 0.223596 0.223596
900 0.181111 0.181111 0.181111
910 0.289011 0.289011 0.289011
920 0.164130 0.164130 0.164130
930 0.232258 0.232258 0.232258
940 0.112766 0.112766 0.112766
950 0.110526 0.110526 0.109474
960 0.082292 0.082292 0.082292
970 0.093814 0.093814 0.093814
980 0.060204 0.060204 0.060204
990 0.102020 0.102020 0.102020
1000 0.046000 0.046000 0.046000
1010 0.058416 0.058416 0.058416
20 1.000000 1.000000 1.000000
30 0.966667 0.966667 0.966667
40 1.000000 1.000000 1.000000
50 1.000000 1.000000 1.000000
60 1.000000 1.000000 1.000000
70 1.000000 1.000000 1.000000
80 1.000000 1.000000 1.000000
90 1.000000 1.000000 1.000000
100 0.990000 0.990000 0.990000
110 1.000000 1.000000 1.000000
120 1.000000 1.000000 1.000000
130 1.000000 1.000000 1.000000
140 1.000000 1.000000 1.000000
150 1.000000 1.000000 1.000000
160 1.000000 1.000000 1.000000
170 1.000000 1.000000 1.000000
180 1.000000 1.000000 1.000000
190 1.000000 1.000000 1.000000
200 1.000000 1.000000 1.000000
210 1.000000 1.000000 1.000000
220 1.000000 1.000000 1.000000
230 1.000000 1.000000 1.000000
240 1.000000 1.000000 1.000000
250 1.000000 1.000000 1.000000
260 1.000000 1.000000 1.000000
270 1.000000 1.000000 1.000000
280 1.000000 1.000000 1.000000
290 0.996552 0.996552 0.996552
300 1.000000 1.000000 1.000000
310 1.000000 1.000000 1.000000
320 1.000000 1.000000 1.000000
330 1.000000 1.000000 1.000000
340 1.000000 1.000000 1.000000
350 1.000000 1.000000 1.000000
360 1.000000 1.000000 1.000000
370 0.997297 0.997297 0.997297
380 1.000000 1.000000 1.000000
390 1.000000 1.000000 1.000000
400 1.000000 1.000000 1.000000
410 0.997561 0.997561 0.997561
420 1.000000 1.000000 1.000000
430 1.000000 1.000000 1.000000
440 1.000000 1.000000 1.000000
450 0.997778 0.997778 0.997778
460 1.000000 1.000000 1.000000
470 0.997872 0.997872 0.997872
480 0.997917 0.997917 0.997917
490 1.000000 1.000000 1.000000
500 0.998000 0.998000 0.998000
510 1.000000 1.000000 1.000000
520 1.000000 1.000000 1.000000
530 1.000000 1.000000 1.000000
540 1.000000 1.000000 1.000000
550 1.000000 1.000000 1.000000
560 1.000000 1.000000 1.000000
570 0.998246 0.998246 0.998246
580 0.998276 0.998276 0.998276
590 0.996610 0.996610 0.996610
600 1.000000 1.000000 1.000000
610 0.978689 0.978689 0.978689
620 0.998387 0.998387 0.998387
630 1.000000 1.000000 1.000000
640 0.962500 0.962500 0.962500
650 0.966154 0.966154 0.966154
660 0.942424 0.942424 0.942424
670 0.937313 0.937313 0.937313
680 0.983824 0.983824 0.983824
690 0.957971 0.957971 0.957971
700 0.831429 0.831429 0.831429
710 0.904225 0.904225 0.904225
720 0.897222 0.897222 0.897222
730 0.900000 0.900000 0.900000
740 0.906757 0.906757 0.906757
750 0.889333 0.889333 0.889333
760 0.832895 0.832895 0.832895
770 0.792208 0.792208 0.792208
780 0.747436 0.747436 0.747436
790 0.650633 0.650633 0.650633
800 0.843750 0.843750 0.843750
810 0.620988 0.620988 0.620988
820 0.557317 0.557317 0.557317
830 0.763855 0.763855 0.763855
840 0.475000 0.475000 0.475000
850 0.460000 0.460000 0.458824
860 0.426744 0.426744 0.426744
870 0.347126 0.347126 0.347126
880 0.454545 0.454545 0.454545
890 0.347191 0.347191 0.347191
900 0.445556 0.445556 0.445556
910 0.390110 0.390110 0.390110
920 0.290217 0.290217 0.290217
930 0.148387 0.148387 0.148387
940 0.200000 0.200000 0.200000
950 0.386316 0.386316 0.386316
960 0.181250 0.181250 0.181250
970 0.144330 0.144330 0.144330
980 0.127551 0.127551 0.127551
990 0.250505 0.250505 0.250505
1000 0.097000 0.097000 0.097000
1010 0.084158 0.084158 0.084158
20 1.000000 1.000000 1.000000
30 1.000000 1.000000 1.000000
40 1.000000 1.000000 1.000000
50 1.000000 1.000000 1.000000
60 1.000000 1.000000 1.000000
70 1.000000 1.000000 1.000000
80 1.000000 1.000000 1.000000
90 1.000000 1.000000 1.000000
100 0.990000 0.990000 0.990000
110 1.000000 1.000000 1.000000
120 1.000000 1.000000 1.000000
130 1.000000 1.000000 1.000000
140 1.000000 1.000000 1.000000
150 1.000000 1.000000 1.000000
160 1.000000 1.000000 1.000000
170 1.000000 1.000000 1.000000
180 1.000000 1.000000 1.000000
190 1.000000 1.000000 1.000000
200 1.000000 1.000000 1.000000
210 1.000000 1.000000 1.000000
220 1.000000 1.000000 1.000000
230 1.000000 1.000000 1.000000
240 1.000000 1.000000 1.000000
250 1.000000 1.000000 1.000000
260 1.000000 1.000000 1.000000
270 1.000000 1.000000 1.000000
280 1.000000 1.000000 1.000000
290 1.000000 1.000000 1.000000
300 1.000000 1.000000 1.000000
310 1.000000 1.000000 1.000000
320 1.000000 1.000000 1.000000
330 0.990909 0.990909 0.990909
340 1.000000 1.000000 1.000000
350 1.000000 1.000000 1.000000
360 0.969444 0.969444 0.969444
370 0.975676 0.975676 0.972973
380 0.950000 0.950000 0.947368
390 0.861538 0.861538 0.861538
400 0.745000 0.745000 0.745000
410 0.587805 0.587805 0.587805
420 0.473810 0.473810 0.471429
430 0.467442 0.467442 0.467442
440 0.579545 0.579545 0.575000
450 0.406667 0.404444 0.402222
460 0.400000 0.397826 0.395652
470 0.202128 0.200000 0.200000
480 0.204167 0.204167 0.204167
490 0.183673 0.181633 0.181633
500 0.086000 0.086000 0.086000
510 0.041176 0.041176 0.041176
520 0.051923 0.051923 0.051923
530 0.028302 0.028302 0.028302
540 0.009259 0.009259 0.009259
550 0.012727 0.012727 0.012727
560 0.010714 0.010714 0.010714
570 0.005263 0.005263 0.005263
580 0.010345 0.010345 0.010345
590 0.005085 0.005085 0.005085
600 0.000000 0.000000 0.000000
610 0.000000 0.000000 0.000000
620 0.000000 0.000000 0.000000
630 0.001587 0.001587 0.001587
640 0.001563 0.001563 0.001563
650 0.000000 0.000000 0.000000
660 0.000000 0.000000 0.000000
670 0.000000 0.000000 0.000000
680 0.000000 0.000000 0.000000
690 0.000000 0.000000 0.000000
700 0.000000 0.000000 0.000000
710 0.000000 0.000000 0.000000
720 0.000000 0.000000 0.000000
730 0.000000 0.000000 0.000000
740 0.000000 0.000000 0.000000
750 0.000000 0.000000 0.000000
760 0.000000 0.000000 0.000000
770 0.000000 0.000000 0.000000
780 0.000000 0.000000 0.000000
790 0.000000 0.000000 0.000000
800 0.000000 0.000000 0.000000
810 0.000000 0.000000 0.000000
820 0.000000 0.000000 0.000000
830 0.579545 0.579545 0.575000
840 0.000000 0.000000 0.000000
850 0.000000 0.000000 0.000000
860 0.000000 0.000000 0.000000
870 0.000000 0.000000 0.000000
880 0.000000 0.000000 0.000000
890 0.000000 0.000000 0.000000
900 0.000000 0.000000 0.000000
910 0.000000 0.000000 0.000000
920 0.000000 0.000000 0.000000
930 0.000000 0.000000 0.000000
940 0.000000 0.000000 0.000000
950 0.000000 0.000000 0.000000
960 0.000000 0.000000 0.000000
970 0.000000 0.000000 0.000000
980 0.000000 0.000000 0.000000
990 0.000000 0.000000 0.000000
1000 0.000000 0.000000 0.000000
1010 0.000000 0.000000 0.000000
20 1.000000 1.000000 1.000000
30 0.966667 0.966667 0.966667
40 1.000000 1.000000 1.000000
50 1.000000 1.000000 1.000000
60 1.000000 1.000000 1.000000
70 1.000000 1.000000 1.000000
80 1.000000 1.000000 1.000000
90 1.000000 1.000000 1.000000
100 1.000000 1.000000 1.000000
110 0.990909 0.990909 0.990909
120 1.000000 1.000000 1.000000
130 1.000000 1.000000 1.000000
140 1.000000 1.000000 1.000000
150 1.000000 1.000000 1.000000
160 1.000000 1.000000 1.000000
170 1.000000 1.000000 1.000000
180 1.000000 1.000000 1.000000
190 1.000000 1.000000 1.000000
200 1.000000 1.000000 1.000000
210 1.000000 1.000000 1.000000
220 1.000000 1.000000 1.000000
230 1.000000 1.000000 1.000000
240 1.000000 1.000000 1.000000
250 1.000000 1.000000 1.000000
260 1.000000 1.000000 1.000000
270 1.000000 1.000000 1.000000
280 1.000000 1.000000 1.000000
290 0.996552 0.996552 0.996552
300 0.996667 0.996667 0.996667
310 1.000000 1.000000 1.000000
320 1.000000 1.000000 1.000000
330 1.000000 1.000000 1.000000
340 1.000000 1.000000 1.000000
350 1.000000 1.000000 1.000000
360 1.000000 1.000000 1.000000
370 1.000000 1.000000 1.000000
380 1.000000 1.000000 1.000000
390 1.000000 1.000000 1.000000
400 1.000000 1.000000 1.000000
410 1.000000 1.000000 1.000000
420 1.000000 1.000000 1.000000
430 0.995349 0.995349 0.995349
440 0.995349 0.995349 0.995349
450 1.000000 1.000000 1.000000
460 1.000000 1.000000 1.000000
470 0.993617 0.993617 0.993617
480 0.993617 0.993617 0.993617
490 0.997959 0.997959 0.997959
500 0.997959 0.997959 0.997959
510 0.980392 0.980392 0.980392
520 0.938462 0.938462 0.936538
530 0.966038 0.966038 0.966038
540 0.844444 0.844444 0.844444
550 0.896364 0.896364 0.896364
560 0.664286 0.664286 0.664286
570 0.840351 0.840351 0.840351
580 0.806897 0.806897 0.806897
590 0.589831 0.589831 0.589831
600 0.589831 0.589831 0.589831
610 0.621311 0.621311 0.621311
620 0.574194 0.574194 0.574194
630 0.541270 0.541270 0.541270
640 0.364063 0.364063 0.364063
650 0.430769 0.430769 0.430769
660 0.342424 0.342424 0.342424
670 0.232836 0.232836 0.232836
680 0.260294 0.260294 0.260294
690 0.150725 0.150725 0.150725
700 0.175714 0.175714 0.174286
710 0.191549 0.191549 0.191549
720 0.113889 0.113889 0.113889
730 0.154795 0.154795 0.154795
740 0.108108 0.108108 0.108108
750 0.081333 0.081333 0.081333
760 0.090789 0.090789 0.090789
770 0.035065 0.035065 0.035065
780 0.026923 0.026923 0.026923
790 0.025316 0.025316 0.025316
800 0.018750 0.018750 0.018750
810 0.022222 0.022222 0.022222
820 0.037805 0.037805 0.037805
830 0.541270 0.541270 0.541270
840 0.003571 0.003571 0.003571
850 0.008235 0.008235 0.008235
860 0.003488 0.003488 0.003488
870 0.008046 0.008046 0.008046
880 0.001136 0.001136 0.001136
890 0.004494 0.004494 0.004494
900 0.003333 0.003333 0.003333
910 0.002198 0.002198 0.002198
920 0.001087 0.001087 0.001087
930 0.003226 0.003226 0.003226
940 0.001064 0.001064 0.001064
950 0.002105 0.002105 0.002105
960 0.000000 0.000000 0.000000
970 0.000000 0.000000 0.000000
980 0.000000 0.000000 0.000000
990 0.001010 0.001010 0.001010
1000 0.000000 0.000000 0.000000
1010 0.000000 0.000000 0.000000
20 1.000000 1.000000 1.000000
30 1.000000 1.000000 1.000000
40 1.000000 1.000000 1.000000
50 1.000000 1.000000 1.000000
60 1.000000 1.000000 1.000000
70 1.000000 1.000000 1.000000
80 1.000000 1.000000 1.000000
90 1.000000 1.000000 1.000000
100 1.000000 1.000000 1.000000
110 1.000000 1.000000 1.000000
120 1.000000 1.000000 1.000000
130 1.000000 1.000000 1.000000
140 1.000000 1.000000 1.000000
150 1.000000 1.000000 1.000000
160 1.000000 1.000000 1.000000
170 1.000000 1.000000 1.000000
180 1.000000 1.000000 1.000000
190 1.000000 1.000000 1.000000
200 1.000000 1.000000 1.000000
210 1.000000 1.000000 1.000000
220 1.000000 1.000000 1.000000
230 0.995652 0.995652 0.995652
240 1.000000 1.000000 1.000000
250 0.996000 0.996000 0.996000
260 1.000000 1.000000 1.000000
270 1.000000 1.000000 1.000000
280 1.000000 1.000000 1.000000
290 1.000000 1.000000 1.000000
300 1.000000 1.000000 1.000000
310 1.000000 1.000000 1.000000
320 1.000000 1.000000 1.000000
330 1.000000 1.000000 1.000000
340 1.000000 1.000000 1.000000
350 1.000000 1.000000 1.000000
360 1.000000 1.000000 1.000000
370 0.997297 0.997297 0.997297
380 1.000000 1.000000 1.000000
390 1.000000 1.000000 1.000000
400 1.000000 1.000000 1.000000
410 1.000000 1.000000 1.000000
420 1.000000 1.000000 1.000000
430 1.000000 1.000000 1.000000
440 1.000000 1.000000 1.000000
450 1.000000 1.000000 1.000000
460 1.000000 1.000000 1.000000
470 1.000000 1.000000 1.000000
480 1.000000 1.000000 1.000000
490 1.000000 1.000000 1.000000
500 1.000000 1.000000 1.000000
510 0.998039 0.998039 0.998039
520 0.986538 0.986538 0.986538
530 1.000000 1.000000 1.000000
540 0.994444 0.994444 0.994444
550 1.000000 1.000000 1.000000
560 1.000000 1.000000 1.000000
570 0.998246 0.998246 0.998246
580 0.987931 0.987931 0.987931
590 0.976271 0.976271 0.976271
600 0.976271 0.976271 0.976271
610 0.972131 0.972131 0.972131
620 0.906452 0.906452 0.906452
630 0.920635 0.920635 0.920635
640 0.843750 0.843750 0.843750
650 0.898462 0.898462 0.898462
660 0.880303 0.880303 0.880303
670 0.788060 0.788060 0.788060
680 0.770588 0.770588 0.770588
690 0.747826 0.747826 0.747826
700 0.617143 0.617143 0.617143
710 0.512676 0.512676 0.512676
720 0.343056 0.343056 0.343056
730 0.500000 0.500000 0.500000
740 0.364865 0.364865 0.364865
750 0.430667 0.430667 0.430667
760 0.419737 0.419737 0.419737
770 0.406494 0.406494 0.406494
780 0.358974 0.358974 0.358974
790 0.405063 0.403797 0.403797
800 0.217500 0.217500 0.217500
810 0.381481 0.381481 0.381481
820 0.190244 0.190244 0.190244
830 0.279518 0.279518 0.279518
840 0.158333 0.158333 0.158333
850 0.154118 0.154118 0.154118
860 0.146512 0.146512 0.146512
870 0.125287 0.125287 0.125287
880 0.062500 0.062500 0.062500
890 0.114607 0.114607 0.114607
900 0.044444 0.044444 0.044444
910 0.075824 0.075824 0.075824
920 0.025000 0.025000 0.025000
930 0.029032 0.029032 0.029032
940 0.032979 0.032979 0.032979
950 0.023158 0.023158 0.023158
960 0.016667 0.016667 0.016667
970 0.031959 0.031959 0.031959
980 0.026531 0.026531 0.026531
990 0.020202 0.020202 0.020202
1000 0.010000 0.010000 0.010000
1010 0.004950 0.004950 0.004950
20 1.000000 1.000000 1.000000
30 1.000000 1.000000 1.000000
40 1.000000 1.000000 1.000000
50 1.000000 1.000000 1.000000
60 1.000000 1.000000 1.000000
70 1.000000 1.000000 1.000000
80 0.987500 0.987500 0.987500
90 1.000000 1.000000 1.000000
100 1.000000 1.000000 1.000000
110 1.000000 1.000000 1.000000
120 1.000000 1.000000 1.000000
130 1.000000 1.000000 1.000000
140 1.000000 1.000000 1.000000
150 1.000000 1.000000 1.000000
160 1.000000 1.000000 1.000000
170 1.000000 1.000000 1.000000
180 1.000000 1.000000 1.000000
190 1.000000 1.000000 1.000000
200 1.000000 1.000000 1.000000
210 1.000000 1.000000 1.000000
220 1.000000 1.000000 1.000000
230 1.000000 1.000000 1.000000
240 1.000000 1.000000 1.000000
250 1.000000 1.000000 1.000000
260 1.000000 1.000000 1.000000
270 0.992593 0.992593 0.992593
280 1.000000 1.000000 1.000000
290 1.000000 1.000000 1.000000
300 1.000000 1.000000 1.000000
310 1.000000 1.000000 1.000000
320 1.000000 1.000000 1.000000
330 1.000000 1.000000 1.000000
340 1.000000 1.000000 1.000000
350 1.000000 1.000000 1.000000
360 1.000000 1.000000 1.000000
370 1.000000 1.000000 1.000000
380 1.000000 1.000000 1.000000
390 1.000000 1.000000 1.000000
400 1.000000 1.000000 1.000000
410 1.000000 1.000000 1.000000
420 1.000000 1.000000 1.000000
430 1.000000 1.000000 1.000000
440 1.000000 1.000000 1.000000
450 0.995556 0.995556 0.995556
460 1.000000 1.000000 1.000000
470 1.000000 1.000000 1.000000
480 1.000000 1.000000 1.000000
490 1.000000 1.000000 1.000000
500 0.998000 0.998000 0.998000
510 1.000000 1.000000 1.000000
520 1.000000 1.000000 1.000000
530 1.000000 1.000000 1.000000
540 1.000000 1.000000 1.000000
550 1.000000 1.000000 1.000000
560 0.998214 0.998214 0.998214
570 0.996491 0.996491 0.996491
580 0.996552 0.996552 0.996552
590 0.989831 0.989831 0.989831
600 0.993333 0.993333 0.993333
610 0.993443 0.993443 0.993443
620 0.970968 0.970968 0.970968
630 0.998413 0.998413 0.998413
640 0.956250 0.956250 0.956250
650 0.966154 0.966154 0.966154
660 0.922727 0.922727 0.922727
670 0.876119 0.876119 0.876119
680 0.769118 0.769118 0.769118
690 0.966667 0.966667 0.966667
700 0.877143 0.877143 0.877143
710 0.712676 0.712676 0.712676
720 0.670833 0.670833 0.670833
730 0.630137 0.630137 0.630137
740 0.654054 0.654054 0.654054
750 0.614667 0.614667 0.614667
760 0.610526 0.610526 0.610526
770 0.575325 0.574026 0.574026
780 0.467949 0.467949 0.467949
790 0.506329 0.506329 0.506329
800 0.546250 0.546250 0.546250
810 0.582716 0.582716 0.582716
820 0.484146 0.484146 0.484146
830 0.534940 0.534940 0.534940
840 0.363095 0.363095 0.363095
850 0.461176 0.461176 0.460000
860 0.245349 0.245349 0.245349
870 0.336782 0.336782 0.336782
880 0.182955 0.182955 0.182955
890 0.223596 0.223596 0.223596
900 0.181111 0.181111 0.181111
910 0.289011 0.289011 0.289011
920 0.164130 0.164130 0.164130
930 0.232258 0.232258 0.232258
940 0.112766 0.112766 0.112766
950 0.110526 0.110526 0.109474
960 0.082292 0.082292 0.082292
970 0.093814 0.093814 0.093814
980 0.060204 0.060204 0.060204
990 0.102020 0.102020 0.102020
1000 0.046000 0.046000 0.046000
1010 0.058416 0.058416 0.058416
