20 1.000000 1.000000 1.000000
30 0.966667 0.966667 0.966667
40 1.000000 1.000000 1.000000
50 1.000000 1.000000 1.000000
60 1.000000 1.000000 1.000000
70 1.000000 1.000000 1.000000
80 0.987500 0.987500 0.987500
90 1.000000 1.000000 1.000000
100 1.000000 1.000000 1.000000
110 1.000000 1.000000 1.000000
120 1.000000 1.000000 1.000000
130 1.000000 1.000000 1.000000
140 1.000000 1.000000 1.000000
150 0.993333 0.993333 0.993333
160 1.000000 1.000000 1.000000
170 1.000000 1.000000 1.000000
180 1.000000 1.000000 1.000000
190 1.000000 1.000000 1.000000
200 0.995000 0.995000 0.995000
210 1.000000 1.000000 1.000000
220 1.000000 1.000000 1.000000
230 1.000000 1.000000 1.000000
240 0.995833 0.995833 0.995833
250 1.000000 1.000000 1.000000
260 1.000000 1.000000 1.000000
270 1.000000 1.000000 1.000000
280 1.000000 1.000000 1.000000
290 1.000000 1.000000 1.000000
300 1.000000 1.000000 1.000000
310 1.000000 1.000000 1.000000
320 1.000000 1.000000 1.000000
330 1.000000 1.000000 1.000000
340 1.000000 1.000000 1.000000
350 1.000000 1.000000 1.000000
360 1.000000 1.000000 1.000000
370 1.000000 1.000000 1.000000
380 0.997368 0.997368 0.997368
390 1.000000 1.000000 1.000000
400 1.000000 1.000000 1.000000
410 1.000000 1.000000 1.000000
420 1.000000 1.000000 1.000000
430 1.000000 1.000000 1.000000
440 1.000000 1.000000 1.000000
450 1.000000 1.000000 1.000000
460 1.000000 1.000000 1.000000
470 0.997872 0.997872 0.997872
480 1.000000 1.000000 1.000000
490 1.000000 1.000000 1.000000
500 1.000000 1.000000 1.000000
510 1.000000 1.000000 1.000000
520 1.000000 1.000000 1.000000
530 1.000000 1.000000 1.000000
540 1.000000 1.000000 1.000000
550 0.998182 0.998182 0.998182
560 1.000000 1.000000 1.000000
570 0.996491 0.996491 0.996491
580 1.000000 1.000000 1.000000
590 1.000000 1.000000 1.000000
600 0.998333 0.998333 0.998333
610 1.000000 1.000000 1.000000
620 0.998387 0.998387 0.998387
630 1.000000 1.000000 1.000000
640 0.998437 0.998437 0.998437
650 1.000000 1.000000 1.000000
660 1.000000 1.000000 1.000000
670 0.998507 0.998507 0.998507
680 0.986765 0.986765 0.986765
690 0.988406 0.986957 0.985507
700 0.998571 0.998571 0.998571
710 0.994366 0.994366 0.994366
720 0.990278 0.987500 0.987500
730 0.976712 0.976712 0.976712
740 0.933784 0.931081 0.931081
750 0.886667 0.885333 0.882667
760 0.911842 0.911842 0.910526
770 0.810390 0.806494 0.800000
780 0.785897 0.785897 0.784615
790 0.725316 0.722785 0.718987
800 0.693750 0.690000 0.686250
810 0.711111 0.704938 0.700000
820 0.378049 0.376829 0.371951
830 0.519277 0.514458 0.506024
840 0.383333 0.379762 0.376190
850 0.454118 0.451765 0.442353
860 0.259302 0.256977 0.253488
870 0.340230 0.337931 0.329885
880 0.287500 0.284091 0.280682
890 0.157303 0.157303 0.155056
900 0.178889 0.178889 0.172222
910 0.182418 0.178022 0.172527
920 0.059783 0.058696 0.057609
930 0.086022 0.084946 0.083871
940 0.048936 0.047872 0.044681
950 0.036842 0.036842 0.036842
960 0.020833 0.020833 0.019792
970 0.024742 0.023711 0.020619
980 0.020408 0.019388 0.019388
990 0.016162 0.015152 0.015152
1000 0.010000 0.010000 0.010000
1010 0.021782 0.021782 0.021782
20 1.000000 1.000000 1.000000
30 0.966667 0.966667 0.966667
40 1.000000 1.000000 1.000000
50 1.000000 1.000000 1.000000
60 1.000000 1.000000 1.000000
70 0.985714 0.985714 0.985714
80 1.000000 1.000000 1.000000
90 1.000000 1.000000 1.000000
100 1.000000 1.000000 1.000000
110 1.000000 1.000000 1.000000
120 1.000000 1.000000 1.000000
130 1.000000 1.000000 1.000000
140 1.000000 1.000000 1.000000
150 1.000000 1.000000 1.000000
160 1.000000 1.000000 1.000000
170 1.000000 1.000000 1.000000
180 1.000000 1.000000 1.000000
190 1.000000 1.000000 1.000000
200 1.000000 1.000000 1.000000
210 1.000000 1.000000 1.000000
220 1.000000 1.000000 1.000000
230 1.000000 1.000000 1.000000
240 0.995833 0.995833 0.995833
250 1.000000 1.000000 1.000000
260 1.000000 1.000000 1.000000
270 1.000000 1.000000 1.000000
280 1.000000 1.000000 1.000000
290 1.000000 1.000000 1.000000
300 1.000000 1.000000 1.000000
310 1.000000 1.000000 1.000000
320 1.000000 1.000000 1.000000
330 0.996970 0.996970 0.996970
340 1.000000 1.000000 1.000000
350 0.997143 0.997143 0.997143
360 1.000000 1.000000 1.000000
370 1.000000 1.000000 1.000000
380 1.000000 1.000000 1.000000
390 1.000000 1.000000 1.000000
400 1.000000 1.000000 1.000000
410 1.000000 1.000000 1.000000
420 1.000000 1.000000 1.000000
430 1.000000 1.000000 1.000000
440 1.000000 1.000000 1.000000
450 1.000000 1.000000 1.000000
460 0.997826 0.997826 0.997826
470 1.000000 1.000000 1.000000
480 0.995833 0.995833 0.995833
490 0.993878 0.993878 0.993878
500 0.970000 0.968000 0.968000
510 0.976471 0.976471 0.976471
520 0.813462 0.813462 0.811538
530 0.945283 0.943396 0.941509
540 0.851852 0.848148 0.846296
550 0.801818 0.798182 0.792727
560 0.566071 0.566071 0.560714
570 0.491228 0.485965 0.480702
580 0.487931 0.486207 0.484483
590 0.437288 0.433898 0.428814
600 0.196667 0.196667 0.191667
610 0.208197 0.208197 0.200000
620 0.093548 0.091935 0.091935
630 0.111111 0.106349 0.103175
640 0.090625 0.089063 0.089063
650 0.098462 0.098462 0.096923
660 0.039394 0.039394 0.037879
670 0.013433 0.013433 0.013433
680 0.007353 0.007353 0.007353
690 0.018841 0.018841 0.018841
700 0.005714 0.005714 0.005714
710 0.007042 0.007042 0.007042
720 0.002778 0.002778 0.002778
730 0.002740 0.002740 0.002740
740 0.002703 0.002703 0.002703
750 0.001333 0.001333 0.001333
760 0.000000 0.000000 0.000000
770 0.000000 0.000000 0.000000
780 0.000000 0.000000 0.000000
790 0.000000 0.000000 0.000000
800 0.000000 0.000000 0.000000
810 0.000000 0.000000 0.000000
820 0.000000 0.000000 0.000000
830 0.000000 0.000000 0.000000
840 0.000000 0.000000 0.000000
850 0.000000 0.000000 0.000000
860 0.000000 0.000000 0.000000
870 0.000000 0.000000 0.000000
880 0.000000 0.000000 0.000000
890 0.000000 0.000000 0.000000
900 0.000000 0.000000 0.000000
910 0.000000 0.000000 0.000000
920 0.000000 0.000000 0.000000
930 0.000000 0.000000 0.000000
940 0.000000 0.000000 0.000000
950 0.000000 0.000000 0.000000
960 0.000000 0.000000 0.000000
970 0.000000 0.000000 0.000000
980 0.000000 0.000000 0.000000
990 0.000000 0.000000 0.000000
1000 0.000000 0.000000 0.000000
1010 0.000000 0.000000 0.000000
20 1.000000 1.000000 1.000000
30 0.966667 0.966667 0.966667
40 1.000000 1.000000 1.000000
50 1.000000 1.000000 1.000000
60 1.000000 1.000000 1.000000
70 0.985714 0.985714 0.985714
80 1.000000 1.000000 1.000000
90 1.000000 1.000000 1.000000
100 1.000000 1.000000 1.000000
110 1.000000 1.000000 1.000000
120 1.000000 1.000000 1.000000
130 1.000000 1.000000 1.000000
140 1.000000 1.000000 1.000000
150 1.000000 1.000000 1.000000
160 1.000000 1.000000 1.000000
170 1.000000 1.000000 1.000000
180 1.000000 1.000000 1.000000
190 1.000000 1.000000 1.000000
200 1.000000 1.000000 1.000000
210 1.000000 1.000000 1.000000
220 1.000000 1.000000 1.000000
230 1.000000 1.000000 1.000000
240 1.000000 1.000000 1.000000
250 0.996000 0.996000 0.996000
260 1.000000 1.000000 1.000000
270 0.996296 0.996296 0.996296
280 0.996429 0.996429 0.996429
290 1.000000 1.000000 1.000000
300 1.000000 1.000000 1.000000
310 1.000000 1.000000 1.000000
320 1.000000 1.000000 1.000000
330 1.000000 1.000000 1.000000
340 1.000000 1.000000 1.000000
350 1.000000 1.000000 1.000000
360 0.997222 0.997222 0.997222
370 1.000000 1.000000 1.000000
380 1.000000 1.000000 1.000000
390 1.000000 1.000000 1.000000
400 0.995000 0.995000 0.995000
410 0.997561 0.997561 0.995122
420 0.940476 0.940476 0.940476
430 0.923256 0.923256 0.920930
440 0.936364 0.931818 0.929545
450 0.840000 0.833333 0.828889
460 0.682609 0.676087 0.671739
470 0.631915 0.629787 0.627660
480 0.383333 0.381250 0.377083
490 0.402041 0.397959 0.387755
500 0.240000 0.238000 0.238000
510 0.154902 0.152941 0.152941
520 0.119231 0.119231 0.115385
530 0.062264 0.062264 0.060377
540 0.037037 0.037037 0.037037
550 0.034545 0.032727 0.030909
560 0.021429 0.019643 0.019643
570 0.028070 0.028070 0.026316
580 0.006897 0.006897 0.006897
590 0.010169 0.010169 0.010169
600 0.001667 0.001667 0.001667
610 0.000000 0.000000 0.000000
620 0.000000 0.000000 0.000000
630 0.000000 0.000000 0.000000
640 0.000000 0.000000 0.000000
650 0.000000 0.000000 0.000000
660 0.000000 0.000000 0.000000
670 0.000000 0.000000 0.000000
680 0.000000 0.000000 0.000000
690 0.000000 0.000000 0.000000
700 0.000000 0.000000 0.000000
710 0.000000 0.000000 0.000000
720 0.000000 0.000000 0.000000
730 0.000000 0.000000 0.000000
740 0.000000 0.000000 0.000000
750 0.000000 0.000000 0.000000
760 0.000000 0.000000 0.000000
770 0.000000 0.000000 0.000000
780 0.000000 0.000000 0.000000
790 0.000000 0.000000 0.000000
800 0.000000 0.000000 0.000000
810 0.000000 0.000000 0.000000
820 0.000000 0.000000 0.000000
830 0.000000 0.000000 0.000000
840 0.000000 0.000000 0.000000
850 0.000000 0.000000 0.000000
860 0.000000 0.000000 0.000000
870 0.000000 0.000000 0.000000
880 0.000000 0.000000 0.000000
890 0.000000 0.000000 0.000000
900 0.000000 0.000000 0.000000
910 0.000000 0.000000 0.000000
920 0.000000 0.000000 0.000000
930 0.000000 0.000000 0.000000
940 0.000000 0.000000 0.000000
950 0.000000 0.000000 0.000000
960 0.000000 0.000000 0.000000
970 0.000000 0.000000 0.000000
980 0.000000 0.000000 0.000000
990 0.000000 0.000000 0.000000
1000 0.000000 0.000000 0.000000
1010 0.000000 0.000000 0.000000
20 1.000000 1.000000 1.000000
30 1.000000 1.000000 1.000000
40 1.000000 1.000000 1.000000
50 1.000000 1.000000 1.000000
60 1.000000 1.000000 1.000000
70 1.000000 1.000000 1.000000
80 1.000000 1.000000 1.000000
90 1.000000 1.000000 1.000000
100 1.000000 1.000000 1.000000
110 1.000000 1.000000 1.000000
120 1.000000 1.000000 1.000000
130 1.000000 1.000000 1.000000
140 1.000000 1.000000 1.000000
150 1.000000 1.000000 1.000000
160 1.000000 1.000000 1.000000
170 1.000000 1.000000 1.000000
180 1.000000 1.000000 1.000000
190 1.000000 1.000000 1.000000
200 1.000000 1.000000 1.000000
210 1.000000 1.000000 1.000000
220 1.000000 1.000000 1.000000
230 1.000000 1.000000 1.000000
240 1.000000 1.000000 1.000000
250 1.000000 1.000000 1.000000
260 1.000000 1.000000 1.000000
270 1.000000 1.000000 1.000000
280 1.000000 1.000000 1.000000
290 1.000000 1.000000 1.000000
300 1.000000 1.000000 1.000000
310 1.000000 1.000000 1.000000
320 1.000000 1.000000 1.000000
330 1.000000 1.000000 1.000000
340 1.000000 1.000000 1.000000
350 1.000000 1.000000 1.000000
360 0.983333 0.983333 0.983333
370 0.997297 0.997297 0.994595
380 0.886842 0.881579 0.873684
390 0.946154 0.943590 0.933333
400 0.630000 0.627500 0.615000
410 0.692683 0.690244 0.682927
420 0.604762 0.600000 0.588095
430 0.453488 0.446512 0.434884
440 0.181818 0.179545 0.172727
450 0.235556 0.233333 0.222222
460 0.067391 0.067391 0.065217
470 0.078723 0.076596 0.074468
480 0.054167 0.054167 0.052083
490 0.016327 0.016327 0.014286
500 0.014000 0.014000 0.014000
510 0.009804 0.009804 0.009804
520 0.000000 0.000000 0.000000
530 0.001887 0.001887 0.001887
540 0.000000 0.000000 0.000000
550 0.000000 0.000000 0.000000
560 0.000000 0.000000 0.000000
570 0.000000 0.000000 0.000000
580 0.000000 0.000000 0.000000
590 0.000000 0.000000 0.000000
600 0.000000 0.000000 0.000000
610 0.000000 0.000000 0.000000
620 0.000000 0.000000 0.000000
630 0.000000 0.000000 0.000000
640 0.000000 0.000000 0.000000
650 0.000000 0.000000 0.000000
660 0.000000 0.000000 0.000000
670 0.000000 0.000000 0.000000
680 0.000000 0.000000 0.000000
690 0.000000 0.000000 0.000000
700 0.000000 0.000000 0.000000
710 0.000000 0.000000 0.000000
720 0.000000 0.000000 0.000000
730 0.000000 0.000000 0.000000
740 0.000000 0.000000 0.000000
750 0.000000 0.000000 0.000000
760 0.000000 0.000000 0.000000
770 0.000000 0.000000 0.000000
780 0.000000 0.000000 0.000000
790 0.000000 0.000000 0.000000
800 0.000000 0.000000 0.000000
810 0.000000 0.000000 0.000000
820 0.000000 0.000000 0.000000
830 0.000000 0.000000 0.000000
840 0.000000 0.000000 0.000000
850 0.000000 0.000000 0.000000
860 0.000000 0.000000 0.000000
870 0.000000 0.000000 0.000000
880 0.000000 0.000000 0.000000
890 0.000000 0.000000 0.000000
900 0.000000 0.000000 0.000000
910 0.000000 0.000000 0.000000
920 0.000000 0.000000 0.000000
930 0.000000 0.000000 0.000000
940 0.000000 0.000000 0.000000
950 0.000000 0.000000 0.000000
960 0.000000 0.000000 0.000000
970 0.000000 0.000000 0.000000
980 0.000000 0.000000 0.000000
990 0.000000 0.000000 0.000000
1000 0.000000 0.000000 0.000000
1010 0.000000 0.000000 0.000000
20 1.000000 1.000000 1.000000
30 0.966667 0.966667 0.966667
40 1.000000 1.000000 1.000000
50 0.980000 0.980000 0.980000
60 1.000000 1.000000 1.000000
70 1.000000 1.000000 1.000000
80 1.000000 1.000000 1.000000
90 1.000000 1.000000 1.000000
100 1.000000 1.000000 1.000000
110 1.000000 1.000000 1.000000
120 1.000000 1.000000 1.000000
130 1.000000 1.000000 1.000000
140 1.000000 1.000000 1.000000
150 1.000000 1.000000 1.000000
160 1.000000 1.000000 1.000000
170 1.000000 1.000000 1.000000
180 1.000000 1.000000 1.000000
190 1.000000 1.000000 1.000000
200 0.995000 0.995000 0.995000
210 1.000000 1.000000 1.000000
220 0.995455 0.995455 0.995455
230 1.000000 1.000000 1.000000
240 1.000000 1.000000 1.000000
250 1.000000 1.000000 1.000000
260 1.000000 1.000000 1.000000
270 0.996296 0.996296 0.992593
280 1.000000 1.000000 0.996429
290 1.000000 1.000000 1.000000
300 0.993333 0.993333 0.993333
310 0.996774 0.996774 0.996774
320 0.987500 0.987500 0.987500
330 0.993939 0.990909 0.987879
340 0.955882 0.952941 0.952941
350 0.937143 0.931429 0.914286
360 0.577778 0.577778 0.566667
370 0.672973 0.672973 0.664865
380 0.631579 0.628947 0.615789
390 0.464103 0.456410 0.443590
400 0.232500 0.232500 0.215000
410 0.231707 0.226829 0.209756
420 0.138095 0.135714 0.123810
430 0.011628 0.011628 0.011628
440 0.031818 0.031818 0.027273
450 0.013333 0.013333 0.008889
460 0.006522 0.006522 0.006522
470 0.010638 0.010638 0.006383
480 0.000000 0.000000 0.000000
490 0.000000 0.000000 0.000000
500 0.000000 0.000000 0.000000
510 0.000000 0.000000 0.000000
520 0.000000 0.000000 0.000000
530 0.000000 0.000000 0.000000
540 0.000000 0.000000 0.000000
550 0.000000 0.000000 0.000000
560 0.000000 0.000000 0.000000
570 0.000000 0.000000 0.000000
580 0.000000 0.000000 0.000000
590 0.000000 0.000000 0.000000
600 0.000000 0.000000 0.000000
610 0.000000 0.000000 0.000000
620 0.000000 0.000000 0.000000
630 0.000000 0.000000 0.000000
640 0.000000 0.000000 0.000000
650 0.000000 0.000000 0.000000
660 0.000000 0.000000 0.000000
670 0.000000 0.000000 0.000000
680 0.000000 0.000000 0.000000
690 0.000000 0.000000 0.000000
700 0.000000 0.000000 0.000000
710 0.000000 0.000000 0.000000
720 0.000000 0.000000 0.000000
730 0.000000 0.000000 0.000000
740 0.000000 0.000000 0.000000
750 0.000000 0.000000 0.000000
760 0.000000 0.000000 0.000000
770 0.000000 0.000000 0.000000
780 0.000000 0.000000 0.000000
790 0.000000 0.000000 0.000000
800 0.000000 0.000000 0.000000
810 0.000000 0.000000 0.000000
820 0.000000 0.000000 0.000000
830 0.000000 0.000000 0.000000
840 0.000000 0.000000 0.000000
850 0.000000 0.000000 0.000000
860 0.000000 0.000000 0.000000
870 0.000000 0.000000 0.000000
880 0.000000 0.000000 0.000000
890 0.000000 0.000000 0.000000
900 0.000000 0.000000 0.000000
910 0.000000 0.000000 0.000000
920 0.000000 0.000000 0.000000
930 0.000000 0.000000 0.000000
940 0.000000 0.000000 0.000000
950 0.000000 0.000000 0.000000
960 0.000000 0.000000 0.000000
970 0.000000 0.000000 0.000000
980 0.000000 0.000000 0.000000
990 0.000000 0.000000 0.000000
1000 0.000000 0.000000 0.000000
1010 0.000000 0.000000 0.000000
20 1.000000 1.000000 1.000000
30 0.933333 0.933333 0.933333
40 1.000000 1.000000 1.000000
50 1.000000 1.000000 1.000000
60 1.000000 1.000000 1.000000
70 1.000000 1.000000 1.000000
80 0.987500 0.987500 0.987500
90 0.988889 0.988889 0.988889
100 0.980000 0.980000 0.980000
110 1.000000 1.000000 1.000000
120 0.991667 0.991667 0.991667
130 1.000000 1.000000 1.000000
140 1.000000 1.000000 1.000000
150 1.000000 1.000000 1.000000
160 1.000000 1.000000 1.000000
170 1.000000 1.000000 1.000000
180 0.988889 0.988889 0.988889
190 0.994737 0.994737 0.994737
200 0.995000 0.995000 0.995000
210 0.990476 0.990476 0.990476
220 1.000000 1.000000 1.000000
230 0.995652 0.995652 0.995652
240 1.000000 1.000000 1.000000
250 0.996000 0.996000 0.996000
260 1.000000 1.000000 1.000000
270 0.985185 0.985185 0.985185
280 0.985714 0.985714 0.982143
290 0.989655 0.989655 0.989655
300 0.896667 0.893333 0.860000
310 0.980645 0.980645 0.974194
320 0.746875 0.743750 0.693750
330 0.742424 0.733333 0.693939
340 0.394118 0.391176 0.361765
350 0.371429 0.368571 0.291429
360 0.172222 0.166667 0.127778
370 0.262162 0.248649 0.164865
380 0.028947 0.023684 0.013158
390 0.048718 0.038462 0.020513
400 0.012500 0.012500 0.007500
410 0.000000 0.000000 0.000000
420 0.011905 0.011905 0.004762
430 0.000000 0.000000 0.000000
440 0.000000 0.000000 0.000000
450 0.000000 0.000000 0.000000
460 0.000000 0.000000 0.000000
470 0.000000 0.000000 0.000000
480 0.000000 0.000000 0.000000
490 0.000000 0.000000 0.000000
500 0.000000 0.000000 0.000000
510 0.000000 0.000000 0.000000
520 0.000000 0.000000 0.000000
530 0.000000 0.000000 0.000000
540 0.000000 0.000000 0.000000
550 0.000000 0.000000 0.000000
560 0.000000 0.000000 0.000000
570 0.000000 0.000000 0.000000
580 0.000000 0.000000 0.000000
590 0.000000 0.000000 0.000000
600 0.000000 0.000000 0.000000
610 0.000000 0.000000 0.000000
620 0.000000 0.000000 0.000000
630 0.000000 0.000000 0.000000
640 0.000000 0.000000 0.000000
650 0.000000 0.000000 0.000000
660 0.000000 0.000000 0.000000
670 0.000000 0.000000 0.000000
680 0.000000 0.000000 0.000000
690 0.000000 0.000000 0.000000
700 0.000000 0.000000 0.000000
710 0.000000 0.000000 0.000000
720 0.000000 0.000000 0.000000
730 0.000000 0.000000 0.000000
740 0.000000 0.000000 0.000000
750 0.000000 0.000000 0.000000
760 0.000000 0.000000 0.000000
770 0.000000 0.000000 0.000000
780 0.000000 0.000000 0.000000
790 0.000000 0.000000 0.000000
800 0.000000 0.000000 0.000000
810 0.000000 0.000000 0.000000
820 0.000000 0.000000 0.000000
830 0.000000 0.000000 0.000000
840 0.000000 0.000000 0.000000
850 0.000000 0.000000 0.000000
860 0.000000 0.000000 0.000000
870 0.000000 0.000000 0.000000
880 0.000000 0.000000 0.000000
890 0.000000 0.000000 0.000000
900 0.000000 0.000000 0.000000
910 0.000000 0.000000 0.000000
920 0.000000 0.000000 0.000000
930 0.000000 0.000000 0.000000
940 0.000000 0.000000 0.000000
950 0.000000 0.000000 0.000000
960 0.000000 0.000000 0.000000
970 0.000000 0.000000 0.000000
980 0.000000 0.000000 0.000000
990 0.000000 0.000000 0.000000
1000 0.000000 0.000000 0.000000
1010 0.000000 0.000000 0.000000
20 1.000000 1.000000 1.000000
30 1.000000 1.000000 1.000000
40 1.000000 1.000000 1.000000
50 0.980000 0.980000 0.980000
60 1.000000 1.000000 1.000000
70 0.985714 0.985714 0.985714
80 1.000000 1.000000 1.000000
90 1.000000 1.000000 1.000000
100 1.000000 1.000000 1.000000
110 0.981818 0.981818 0.981818
120 1.000000 1.000000 1.000000
130 0.984615 0.984615 0.984615
140 1.000000 1.000000 1.000000
150 0.980000 0.980000 0.980000
160 0.993750 0.993750 0.993750
170 0.982353 0.982353 0.982353
180 1.000000 1.000000 0.994444
190 0.989474 0.989474 0.989474
200 0.995000 0.995000 0.995000
210 1.000000 1.000000 0.995238
220 1.000000 1.000000 0.995455
230 0.995652 0.995652 0.986957
240 0.995833 0.995833 0.979167
250 0.992000 0.992000 0.980000
260 0.969231 0.957692 0.911538
270 0.988889 0.988889 0.955556
280 0.835714 0.828571 0.753571
290 0.837931 0.831034 0.710345
300 0.496667 0.490000 0.356667
310 0.300000 0.277419 0.148387
320 0.209375 0.196875 0.087500
330 0.248485 0.233333 0.121212
340 0.014706 0.014706 0.005882
350 0.014286 0.011429 0.000000
360 0.002778 0.002778 0.000000
370 0.002703 0.002703 0.000000
380 0.000000 0.000000 0.000000
390 0.000000 0.000000 0.000000
400 0.000000 0.000000 0.000000
410 0.000000 0.000000 0.000000
420 0.000000 0.000000 0.000000
430 0.000000 0.000000 0.000000
440 0.000000 0.000000 0.000000
450 0.000000 0.000000 0.000000
460 0.000000 0.000000 0.000000
470 0.000000 0.000000 0.000000
480 0.000000 0.000000 0.000000
490 0.000000 0.000000 0.000000
500 0.000000 0.000000 0.000000
510 0.000000 0.000000 0.000000
520 0.000000 0.000000 0.000000
530 0.000000 0.000000 0.000000
540 0.000000 0.000000 0.000000
550 0.000000 0.000000 0.000000
560 0.000000 0.000000 0.000000
570 0.000000 0.000000 0.000000
580 0.000000 0.000000 0.000000
590 0.000000 0.000000 0.000000
600 0.000000 0.000000 0.000000
610 0.000000 0.000000 0.000000
620 0.000000 0.000000 0.000000
630 0.000000 0.000000 0.000000
640 0.000000 0.000000 0.000000
650 0.000000 0.000000 0.000000
660 0.000000 0.000000 0.000000
670 0.000000 0.000000 0.000000
680 0.000000 0.000000 0.000000
690 0.000000 0.000000 0.000000
700 0.000000 0.000000 0.000000
710 0.000000 0.000000 0.000000
720 0.000000 0.000000 0.000000
730 0.000000 0.000000 0.000000
740 0.000000 0.000000 0.000000
750 0.000000 0.000000 0.000000
760 0.000000 0.000000 0.000000
770 0.000000 0.000000 0.000000
780 0.000000 0.000000 0.000000
790 0.000000 0.000000 0.000000
800 0.000000 0.000000 0.000000
810 0.000000 0.000000 0.000000
820 0.000000 0.000000 0.000000
830 0.000000 0.000000 0.000000
840 0.000000 0.000000 0.000000
850 0.000000 0.000000 0.000000
860 0.000000 0.000000 0.000000
870 0.000000 0.000000 0.000000
880 0.000000 0.000000 0.000000
890 0.000000 0.000000 0.000000
900 0.000000 0.000000 0.000000
910 0.000000 0.000000 0.000000
920 0.000000 0.000000 0.000000
930 0.000000 0.000000 0.000000
940 0.000000 0.000000 0.000000
950 0.000000 0.000000 0.000000
960 0.000000 0.000000 0.000000
970 0.000000 0.000000 0.000000
980 0.000000 0.000000 0.000000
990 0.000000 0.000000 0.000000
1000 0.000000 0.000000 0.000000
1010 0.000000 0.000000 0.000000
20 1.000000 1.000000 1.000000
30 0.933333 0.933333 0.933333
40 1.000000 1.000000 1.000000
50 0.940000 0.940000 0.940000
60 0.983333 0.983333 0.983333
70 0.971429 0.971429 0.971429
80 1.000000 1.000000 1.000000
90 0.988889 0.988889 0.988889
100 1.000000 1.000000 1.000000
110 0.972727 0.972727 0.972727
120 0.991667 0.991667 0.991667
130 0.976923 0.976923 0.976923
140 0.964286 0.964286 0.964286
150 0.953333 0.953333 0.953333
160 1.000000 1.000000 1.000000
170 0.976471 0.976471 0.976471
180 0.994444 0.994444 0.994444
190 0.963158 0.963158 0.963158
200 0.995000 0.995000 0.985000
210 0.966667 0.966667 0.966667
220 0.972727 0.972727 0.968182
230 0.969565 0.960870 0.873913
240 0.904167 0.891667 0.616667
250 0.904000 0.900000 0.828000
260 0.726923 0.707692 0.380769
270 0.622222 0.585185 0.262963
280 0.107143 0.103571 0.017857
290 0.182759 0.172414 0.017241
300 0.026667 0.026667 0.003333
310 0.074194 0.061290 0.006452
320 0.000000 0.000000 0.000000
330 0.003030 0.003030 0.003030
340 0.000000 0.000000 0.000000
350 0.000000 0.000000 0.000000
360 0.000000 0.000000 0.000000
370 0.000000 0.000000 0.000000
380 0.000000 0.000000 0.000000
390 0.000000 0.000000 0.000000
400 0.000000 0.000000 0.000000
410 0.000000 0.000000 0.000000
420 0.000000 0.000000 0.000000
430 0.000000 0.000000 0.000000
440 0.000000 0.000000 0.000000
450 0.000000 0.000000 0.000000
460 0.000000 0.000000 0.000000
470 0.000000 0.000000 0.000000
480 0.000000 0.000000 0.000000
490 0.000000 0.000000 0.000000
500 0.000000 0.000000 0.000000
510 0.000000 0.000000 0.000000
520 0.000000 0.000000 0.000000
530 0.000000 0.000000 0.000000
540 0.000000 0.000000 0.000000
550 0.000000 0.000000 0.000000
560 0.000000 0.000000 0.000000
570 0.000000 0.000000 0.000000
580 0.000000 0.000000 0.000000
590 0.000000 0.000000 0.000000
600 0.000000 0.000000 0.000000
610 0.000000 0.000000 0.000000
620 0.000000 0.000000 0.000000
630 0.000000 0.000000 0.000000
640 0.000000 0.000000 0.000000
650 0.000000 0.000000 0.000000
660 0.000000 0.000000 0.000000
670 0.000000 0.000000 0.000000
680 0.000000 0.000000 0.000000
690 0.000000 0.000000 0.000000
700 0.000000 0.000000 0.000000
710 0.000000 0.000000 0.000000
720 0.000000 0.000000 0.000000
730 0.000000 0.000000 0.000000
740 0.000000 0.000000 0.000000
750 0.000000 0.000000 0.000000
760 0.000000 0.000000 0.000000
770 0.000000 0.000000 0.000000
780 0.000000 0.000000 0.000000
790 0.000000 0.000000 0.000000
800 0.000000 0.000000 0.000000
810 0.000000 0.000000 0.000000
820 0.000000 0.000000 0.000000
830 0.000000 0.000000 0.000000
840 0.000000 0.000000 0.000000
850 0.000000 0.000000 0.000000
860 0.000000 0.000000 0.000000
870 0.000000 0.000000 0.000000
880 0.000000 0.000000 0.000000
890 0.000000 0.000000 0.000000
900 0.000000 0.000000 0.000000
910 0.000000 0.000000 0.000000
920 0.000000 0.000000 0.000000
930 0.000000 0.000000 0.000000
940 0.000000 0.000000 0.000000
950 0.000000 0.000000 0.000000
960 0.000000 0.000000 0.000000
970 0.000000 0.000000 0.000000
980 0.000000 0.000000 0.000000
990 0.000000 0.000000 0.000000
1000 0.000000 0.000000 0.000000
1010 0.000000 0.000000 0.000000
20 1.000000 1.000000 1.000000
30 0.833333 0.833333 0.833333
40 1.000000 1.000000 1.000000
50 0.920000 0.920000 0.920000
60 1.000000 1.000000 1.000000
70 0.942857 0.942857 0.942857
80 0.975000 0.975000 0.975000
90 0.977778 0.977778 0.977778
100 0.980000 0.980000 0.980000
110 0.936364 0.936364 0.927273
120 0.933333 0.933333 0.933333
130 0.953846 0.953846 0.946154
140 0.950000 0.950000 0.942857
150 0.920000 0.920000 0.913333
160 0.925000 0.925000 0.925000
170 0.947059 0.947059 0.923529
180 0.927778 0.927778 0.916667
190 0.921053 0.915789 0.873684
200 0.905000 0.890000 0.640000
210 0.909524 0.904762 0.609524
220 0.781818 0.768182 0.372727
230 0.678261 0.630435 0.100000
240 0.725000 0.716667 0.404167
250 0.628000 0.588000 0.104000
260 0.050000 0.042308 0.000000
270 0.081481 0.062963 0.003704
280 0.021429 0.017857 0.000000
290 0.013793 0.010345 0.000000
300 0.000000 0.000000 0.000000
310 0.012903 0.009677 0.000000
320 0.003125 0.000000 0.000000
330 0.000000 0.000000 0.000000
340 0.000000 0.000000 0.000000
350 0.000000 0.000000 0.000000
360 0.000000 0.000000 0.000000
370 0.000000 0.000000 0.000000
380 0.000000 0.000000 0.000000
390 0.000000 0.000000 0.000000
400 0.000000 0.000000 0.000000
410 0.000000 0.000000 0.000000
420 0.000000 0.000000 0.000000
430 0.000000 0.000000 0.000000
440 0.000000 0.000000 0.000000
450 0.000000 0.000000 0.000000
460 0.000000 0.000000 0.000000
470 0.000000 0.000000 0.000000
480 0.000000 0.000000 0.000000
490 0.000000 0.000000 0.000000
500 0.000000 0.000000 0.000000
510 0.000000 0.000000 0.000000
520 0.000000 0.000000 0.000000
530 0.000000 0.000000 0.000000
540 0.000000 0.000000 0.000000
550 0.000000 0.000000 0.000000
560 0.000000 0.000000 0.000000
570 0.000000 0.000000 0.000000
580 0.000000 0.000000 0.000000
590 0.000000 0.000000 0.000000
600 0.000000 0.000000 0.000000
610 0.000000 0.000000 0.000000
620 0.000000 0.000000 0.000000
630 0.000000 0.000000 0.000000
640 0.000000 0.000000 0.000000
650 0.000000 0.000000 0.000000
660 0.000000 0.000000 0.000000
670 0.000000 0.000000 0.000000
680 0.000000 0.000000 0.000000
690 0.000000 0.000000 0.000000
700 0.000000 0.000000 0.000000
710 0.000000 0.000000 0.000000
720 0.000000 0.000000 0.000000
730 0.000000 0.000000 0.000000
740 0.000000 0.000000 0.000000
750 0.000000 0.000000 0.000000
760 0.000000 0.000000 0.000000
770 0.000000 0.000000 0.000000
780 0.000000 0.000000 0.000000
790 0.000000 0.000000 0.000000
800 0.000000 0.000000 0.000000
810 0.000000 0.000000 0.000000
820 0.000000 0.000000 0.000000
830 0.000000 0.000000 0.000000
840 0.000000 0.000000 0.000000
850 0.000000 0.000000 0.000000
860 0.000000 0.000000 0.000000
870 0.000000 0.000000 0.000000
880 0.000000 0.000000 0.000000
890 0.000000 0.000000 0.000000
900 0.000000 0.000000 0.000000
910 0.000000 0.000000 0.000000
920 0.000000 0.000000 0.000000
930 0.000000 0.000000 0.000000
940 0.000000 0.000000 0.000000
950 0.000000 0.000000 0.000000
960 0.000000 0.000000 0.000000
970 0.000000 0.000000 0.000000
980 0.000000 0.000000 0.000000
990 0.000000 0.000000 0.000000
1000 0.000000 0.000000 0.000000
1010 0.000000 0.000000 0.000000
