20 1.000000 1.000000 1.000000
21 1.000000 1.000000 1.000000
22 1.000000 1.000000 1.000000
23 1.000000 1.000000 1.000000
24 1.000000 1.000000 1.000000
25 1.000000 1.000000 1.000000
26 1.000000 1.000000 0.923077
27 1.000000 1.000000 1.000000
28 1.000000 1.000000 1.000000
29 0.965517 0.965517 0.896552
30 1.000000 1.000000 1.000000
31 0.967742 0.967742 0.967742
32 1.000000 1.000000 0.937500
33 1.000000 1.000000 0.969697
34 1.000000 1.000000 0.911765
35 1.000000 1.000000 0.914286
36 1.000000 1.000000 1.000000
37 0.945946 0.945946 0.918919
38 1.000000 1.000000 0.973684
39 0.974359 0.974359 0.948718
40 1.000000 1.000000 0.975000
41 0.975610 0.975610 0.878049
42 1.000000 1.000000 0.928571
43 1.000000 1.000000 0.906977
44 1.000000 1.000000 0.931818
45 1.000000 1.000000 0.888889
46 0.978261 0.978261 0.934783
47 0.978723 0.978723 0.744681
48 1.000000 1.000000 0.937500
49 0.979592 0.979592 0.795918
50 0.980000 0.980000 0.920000
51 0.980392 0.941176 0.901961
52 0.980769 0.980769 0.884615
53 0.962264 0.943396 0.811321
54 0.981481 0.981481 0.851852
55 0.963636 0.945455 0.836364
56 1.000000 0.982143 0.875000
57 0.982456 0.982456 0.842105
58 0.931034 0.913793 0.706897
59 0.949153 0.932203 0.762712
60 1.000000 1.000000 0.833333
61 0.967213 0.967213 0.704918
62 0.951613 0.951613 0.693548
63 0.936508 0.920635 0.603175
64 0.968750 0.953125 0.765625
65 0.923077 0.923077 0.600000
66 0.939394 0.909091 0.666667
67 0.880597 0.880597 0.626866
68 0.882353 0.852941 0.661765
69 0.884058 0.869565 0.623188
70 0.928571 0.871429 0.642857
71 0.901408 0.887324 0.661972
72 0.791667 0.666667 0.402778
73 0.931507 0.876712 0.534247
74 0.878378 0.851351 0.472973
75 0.813333 0.800000 0.586667
76 0.947368 0.868421 0.539474
77 0.805195 0.740260 0.428571
78 0.807692 0.743590 0.435897
79 0.962025 0.936709 0.632911
80 0.912500 0.862500 0.537500
81 0.827160 0.814815 0.481481
82 0.768293 0.731707 0.341463
83 0.855422 0.771084 0.397590
84 0.750000 0.702381 0.357143
85 0.788235 0.717647 0.388235
86 0.662791 0.593023 0.244186
87 0.747126 0.666667 0.367816
88 0.806818 0.681818 0.363636
89 0.696629 0.584270 0.269663
90 0.788889 0.688889 0.344444
91 0.703297 0.582418 0.274725
92 0.728261 0.673913 0.260870
93 0.677419 0.580645 0.172043
94 0.617021 0.521277 0.170213
95 0.736842 0.663158 0.284211
96 0.677083 0.614583 0.281250
97 0.618557 0.536082 0.237113
98 0.693878 0.561224 0.193878
99 0.545455 0.454545 0.131313
20 0.800000 0.800000 0.800000
21 0.809524 0.809524 0.714286
22 0.909091 0.909091 0.636364
23 0.695652 0.695652 0.478261
24 0.666667 0.666667 0.375000
25 0.960000 0.960000 0.960000
26 0.461538 0.461538 0.153846
27 0.407407 0.407407 0.222222
28 0.428571 0.392857 0.142857
29 0.413793 0.413793 0.206897
30 0.966667 0.966667 0.833333
31 0.193548 0.193548 0.064516
32 0.156250 0.156250 0.031250
33 0.878788 0.848485 0.666667
34 0.294118 0.294118 0.029412
35 0.257143 0.228571 0.114286
36 0.083333 0.083333 0.000000
37 0.810811 0.783784 0.540541
38 0.105263 0.105263 0.000000
39 0.051282 0.051282 0.000000
40 0.075000 0.050000 0.025000
41 0.097561 0.097561 0.000000
42 0.142857 0.142857 0.047619
43 0.046512 0.000000 0.000000
44 0.022727 0.022727 0.000000
45 0.022222 0.022222 0.000000
46 0.000000 0.000000 0.000000
47 0.000000 0.000000 0.000000
48 0.020833 0.020833 0.000000
49 0.020408 0.020408 0.000000
50 0.000000 0.000000 0.000000
51 0.019608 0.019608 0.000000
52 0.000000 0.000000 0.000000
53 0.000000 0.000000 0.000000
54 0.018519 0.000000 0.000000
55 0.018182 0.000000 0.000000
56 0.892857 0.839286 0.517857
57 0.000000 0.000000 0.000000
58 0.172414 0.103448 0.000000
59 0.016949 0.016949 0.000000
60 0.000000 0.000000 0.000000
61 0.000000 0.000000 0.000000
62 0.000000 0.000000 0.000000
63 0.000000 0.000000 0.000000
64 0.000000 0.000000 0.000000
65 0.000000 0.000000 0.000000
66 0.000000 0.000000 0.000000
67 0.000000 0.000000 0.000000
68 0.000000 0.000000 0.000000
69 0.000000 0.000000 0.000000
70 0.000000 0.000000 0.000000
71 0.000000 0.000000 0.000000
72 0.000000 0.000000 0.000000
73 0.041096 0.013699 0.000000
74 0.000000 0.000000 0.000000
75 0.000000 0.000000 0.000000
76 0.000000 0.000000 0.000000
77 0.025974 0.012987 0.000000
78 0.000000 0.000000 0.000000
79 0.000000 0.000000 0.000000
80 0.012500 0.012500 0.000000
81 0.000000 0.000000 0.000000
82 0.000000 0.000000 0.000000
83 0.000000 0.000000 0.000000
84 0.000000 0.000000 0.000000
85 0.000000 0.000000 0.000000
86 0.000000 0.000000 0.000000
87 0.000000 0.000000 0.000000
88 0.000000 0.000000 0.000000
89 0.000000 0.000000 0.000000
90 0.000000 0.000000 0.000000
91 0.000000 0.000000 0.000000
92 0.000000 0.000000 0.000000
93 0.000000 0.000000 0.000000
94 0.000000 0.000000 0.000000
95 0.000000 0.000000 0.000000
96 0.000000 0.000000 0.000000
97 0.000000 0.000000 0.000000
98 0.000000 0.000000 0.000000
99 0.000000 0.000000 0.000000
20 0.000000 0.000000 0.000000
21 0.000000 0.000000 0.000000
22 0.000000 0.000000 0.000000
23 0.000000 0.000000 0.000000
24 0.000000 0.000000 0.000000
25 0.000000 0.000000 0.000000
26 0.000000 0.000000 0.000000
27 0.407407 0.370370 0.222222
28 0.000000 0.000000 0.000000
29 0.000000 0.000000 0.000000
30 0.000000 0.000000 0.000000
31 0.000000 0.000000 0.000000
32 0.000000 0.000000 0.000000
33 0.000000 0.000000 0.000000
34 0.941176 0.941176 0.941176
35 0.000000 0.000000 0.000000
36 0.000000 0.000000 0.000000
37 0.000000 0.000000 0.000000
38 0.947368 0.947368 0.815789
39 0.025641 0.025641 0.000000
40 0.000000 0.000000 0.000000
41 0.000000 0.000000 0.000000
42 0.000000 0.000000 0.000000
43 0.000000 0.000000 0.000000
44 0.000000 0.000000 0.000000
45 0.000000 0.000000 0.000000
46 0.000000 0.000000 0.000000
47 0.000000 0.000000 0.000000
48 0.000000 0.000000 0.000000
49 0.000000 0.000000 0.000000
50 0.000000 0.000000 0.000000
51 0.000000 0.000000 0.000000
52 0.000000 0.000000 0.000000
53 0.000000 0.000000 0.000000
54 0.000000 0.000000 0.000000
55 0.000000 0.000000 0.000000
56 0.000000 0.000000 0.000000
57 0.000000 0.000000 0.000000
58 0.000000 0.000000 0.000000
59 0.000000 0.000000 0.000000
60 0.000000 0.000000 0.000000
61 0.000000 0.000000 0.000000
62 0.000000 0.000000 0.000000
63 0.000000 0.000000 0.000000
64 0.000000 0.000000 0.000000
65 0.000000 0.000000 0.000000
66 0.000000 0.000000 0.000000
67 0.000000 0.000000 0.000000
68 0.000000 0.000000 0.000000
69 0.000000 0.000000 0.000000
70 0.000000 0.000000 0.000000
71 0.000000 0.000000 0.000000
72 0.000000 0.000000 0.000000
73 0.000000 0.000000 0.000000
74 0.000000 0.000000 0.000000
75 0.000000 0.000000 0.000000
76 0.000000 0.000000 0.000000
77 0.000000 0.000000 0.000000
78 0.000000 0.000000 0.000000
79 0.000000 0.000000 0.000000
80 0.000000 0.000000 0.000000
81 0.000000 0.000000 0.000000
82 0.000000 0.000000 0.000000
83 0.000000 0.000000 0.000000
84 0.000000 0.000000 0.000000
85 0.000000 0.000000 0.000000
86 0.000000 0.000000 0.000000
87 0.000000 0.000000 0.000000
88 0.000000 0.000000 0.000000
89 0.000000 0.000000 0.000000
90 0.000000 0.000000 0.000000
91 0.000000 0.000000 0.000000
92 0.000000 0.000000 0.000000
93 0.000000 0.000000 0.000000
94 0.000000 0.000000 0.000000
95 0.000000 0.000000 0.000000
96 0.000000 0.000000 0.000000
97 0.000000 0.000000 0.000000
98 0.000000 0.000000 0.000000
99 0.000000 0.000000 0.000000
20 0.000000 0.000000 0.000000
21 0.000000 0.000000 0.000000
22 0.000000 0.000000 0.000000
23 0.000000 0.000000 0.000000
24 0.000000 0.000000 0.000000
25 0.800000 0.680000 0.400000
26 0.730769 0.538462 0.230769
27 0.000000 0.000000 0.000000
28 0.000000 0.000000 0.000000
29 0.413793 0.310345 0.137931
30 0.000000 0.000000 0.000000
31 0.000000 0.000000 0.000000
32 0.000000 0.000000 0.000000
33 0.000000 0.000000 0.000000
34 0.000000 0.000000 0.000000
35 0.000000 0.000000 0.000000
36 0.000000 0.000000 0.000000
37 0.000000 0.000000 0.000000
38 0.000000 0.000000 0.000000
39 0.000000 0.000000 0.000000
40 0.000000 0.000000 0.000000
41 0.000000 0.000000 0.000000
42 0.000000 0.000000 0.000000
43 0.000000 0.000000 0.000000
44 0.000000 0.000000 0.000000
45 0.000000 0.000000 0.000000
46 0.000000 0.000000 0.000000
47 0.000000 0.000000 0.000000
48 0.000000 0.000000 0.000000
49 0.000000 0.000000 0.000000
50 0.000000 0.000000 0.000000
51 0.000000 0.000000 0.000000
52 0.000000 0.000000 0.000000
53 0.000000 0.000000 0.000000
54 0.000000 0.000000 0.000000
55 0.000000 0.000000 0.000000
56 0.000000 0.000000 0.000000
57 0.000000 0.000000 0.000000
58 0.000000 0.000000 0.000000
59 0.000000 0.000000 0.000000
60 0.000000 0.000000 0.000000
61 0.000000 0.000000 0.000000
62 0.000000 0.000000 0.000000
63 0.000000 0.000000 0.000000
64 0.000000 0.000000 0.000000
65 0.000000 0.000000 0.000000
66 0.000000 0.000000 0.000000
67 0.000000 0.000000 0.000000
68 0.000000 0.000000 0.000000
69 0.000000 0.000000 0.000000
70 0.000000 0.000000 0.000000
71 0.000000 0.000000 0.000000
72 0.000000 0.000000 0.000000
73 0.000000 0.000000 0.000000
74 0.000000 0.000000 0.000000
75 0.000000 0.000000 0.000000
76 0.000000 0.000000 0.000000
77 0.000000 0.000000 0.000000
78 0.000000 0.000000 0.000000
79 0.000000 0.000000 0.000000
80 0.000000 0.000000 0.000000
81 0.000000 0.000000 0.000000
82 0.000000 0.000000 0.000000
83 0.000000 0.000000 0.000000
84 0.000000 0.000000 0.000000
85 0.000000 0.000000 0.000000
86 0.000000 0.000000 0.000000
87 0.000000 0.000000 0.000000
88 0.000000 0.000000 0.000000
89 0.000000 0.000000 0.000000
90 0.000000 0.000000 0.000000
91 0.000000 0.000000 0.000000
92 0.000000 0.000000 0.000000
93 0.000000 0.000000 0.000000
94 0.000000 0.000000 0.000000
95 0.000000 0.000000 0.000000
96 0.000000 0.000000 0.000000
97 0.000000 0.000000 0.000000
98 0.000000 0.000000 0.000000
99 0.000000 0.000000 0.000000
20 0.000000 0.000000 0.000000
21 0.000000 0.000000 0.000000
22 0.000000 0.000000 0.000000
23 0.000000 0.000000 0.000000
24 0.000000 0.000000 0.000000
25 0.000000 0.000000 0.000000
26 0.000000 0.000000 0.000000
27 0.000000 0.000000 0.000000
28 0.964286 0.928571 0.785714
29 0.000000 0.000000 0.000000
30 0.000000 0.000000 0.000000
31 0.000000 0.000000 0.000000
32 0.000000 0.000000 0.000000
33 0.000000 0.000000 0.000000
34 0.000000 0.000000 0.000000
35 0.000000 0.000000 0.000000
36 0.000000 0.000000 0.000000
37 0.000000 0.000000 0.000000
38 0.000000 0.000000 0.000000
39 0.000000 0.000000 0.000000
40 0.000000 0.000000 0.000000
41 0.000000 0.000000 0.000000
42 0.000000 0.000000 0.000000
43 0.000000 0.000000 0.000000
44 0.000000 0.000000 0.000000
45 0.000000 0.000000 0.000000
46 0.000000 0.000000 0.000000
47 0.000000 0.000000 0.000000
48 0.000000 0.000000 0.000000
49 0.000000 0.000000 0.000000
50 0.000000 0.000000 0.000000
51 0.000000 0.000000 0.000000
52 0.000000 0.000000 0.000000
53 0.000000 0.000000 0.000000
54 0.000000 0.000000 0.000000
55 0.000000 0.000000 0.000000
56 0.000000 0.000000 0.000000
57 0.000000 0.000000 0.000000
58 0.000000 0.000000 0.000000
59 0.000000 0.000000 0.000000
60 0.000000 0.000000 0.000000
61 0.000000 0.000000 0.000000
62 0.000000 0.000000 0.000000
63 0.000000 0.000000 0.000000
64 0.000000 0.000000 0.000000
65 0.000000 0.000000 0.000000
66 0.000000 0.000000 0.000000
67 0.000000 0.000000 0.000000
68 0.000000 0.000000 0.000000
69 0.000000 0.000000 0.000000
70 0.000000 0.000000 0.000000
71 0.000000 0.000000 0.000000
72 0.000000 0.000000 0.000000
73 0.000000 0.000000 0.000000
74 0.000000 0.000000 0.000000
75 0.000000 0.000000 0.000000
76 0.000000 0.000000 0.000000
77 0.000000 0.000000 0.000000
78 0.000000 0.000000 0.000000
79 0.000000 0.000000 0.000000
80 0.000000 0.000000 0.000000
81 0.000000 0.000000 0.000000
82 0.000000 0.000000 0.000000
83 0.000000 0.000000 0.000000
84 0.000000 0.000000 0.000000
85 0.000000 0.000000 0.000000
86 0.000000 0.000000 0.000000
87 0.000000 0.000000 0.000000
88 0.000000 0.000000 0.000000
89 0.000000 0.000000 0.000000
90 0.000000 0.000000 0.000000
91 0.000000 0.000000 0.000000
92 0.000000 0.000000 0.000000
93 0.000000 0.000000 0.000000
94 0.000000 0.000000 0.000000
95 0.000000 0.000000 0.000000
96 0.000000 0.000000 0.000000
97 0.000000 0.000000 0.000000
98 0.000000 0.000000 0.000000
99 0.000000 0.000000 0.000000
20 0.000000 0.000000 0.000000
21 0.000000 0.000000 0.000000
22 0.000000 0.000000 0.000000
23 0.000000 0.000000 0.000000
24 0.000000 0.000000 0.000000
25 0.000000 0.000000 0.000000
26 0.000000 0.000000 0.000000
27 0.000000 0.000000 0.000000
28 0.000000 0.000000 0.000000
29 0.000000 0.000000 0.000000
30 0.000000 0.000000 0.000000
31 0.000000 0.000000 0.000000
32 0.000000 0.000000 0.000000
33 0.000000 0.000000 0.000000
34 0.000000 0.000000 0.000000
35 0.000000 0.000000 0.000000
36 0.000000 0.000000 0.000000
37 0.000000 0.000000 0.000000
38 0.000000 0.000000 0.000000
39 0.000000 0.000000 0.000000
40 0.000000 0.000000 0.000000
41 0.000000 0.000000 0.000000
42 0.000000 0.000000 0.000000
43 0.000000 0.000000 0.000000
44 0.000000 0.000000 0.000000
45 0.000000 0.000000 0.000000
46 0.000000 0.000000 0.000000
47 0.000000 0.000000 0.000000
48 0.000000 0.000000 0.000000
49 0.000000 0.000000 0.000000
50 0.000000 0.000000 0.000000
51 0.000000 0.000000 0.000000
52 0.000000 0.000000 0.000000
53 0.000000 0.000000 0.000000
54 0.000000 0.000000 0.000000
55 0.000000 0.000000 0.000000
56 0.000000 0.000000 0.000000
57 0.000000 0.000000 0.000000
58 0.000000 0.000000 0.000000
59 0.000000 0.000000 0.000000
60 0.000000 0.000000 0.000000
61 0.000000 0.000000 0.000000
62 0.000000 0.000000 0.000000
63 0.000000 0.000000 0.000000
64 0.000000 0.000000 0.000000
65 0.000000 0.000000 0.000000
66 0.000000 0.000000 0.000000
67 0.000000 0.000000 0.000000
68 0.000000 0.000000 0.000000
69 0.000000 0.000000 0.000000
70 0.000000 0.000000 0.000000
71 0.000000 0.000000 0.000000
72 0.000000 0.000000 0.000000
73 0.000000 0.000000 0.000000
74 0.000000 0.000000 0.000000
75 0.000000 0.000000 0.000000
76 0.000000 0.000000 0.000000
77 0.000000 0.000000 0.000000
78 0.000000 0.000000 0.000000
79 0.000000 0.000000 0.000000
80 0.000000 0.000000 0.000000
81 0.000000 0.000000 0.000000
82 0.000000 0.000000 0.000000
83 0.000000 0.000000 0.000000
84 0.000000 0.000000 0.000000
85 0.000000 0.000000 0.000000
86 0.000000 0.000000 0.000000
87 0.000000 0.000000 0.000000
88 0.000000 0.000000 0.000000
89 0.000000 0.000000 0.000000
90 0.000000 0.000000 0.000000
91 0.000000 0.000000 0.000000
92 0.000000 0.000000 0.000000
93 0.000000 0.000000 0.000000
94 0.000000 0.000000 0.000000
95 0.000000 0.000000 0.000000
96 0.000000 0.000000 0.000000
97 0.000000 0.000000 0.000000
98 0.000000 0.000000 0.000000
99 0.000000 0.000000 0.000000
20 0.000000 0.000000 0.000000
21 0.000000 0.000000 0.000000
22 0.000000 0.000000 0.000000
23 0.000000 0.000000 0.000000
24 0.000000 0.000000 0.000000
25 0.000000 0.000000 0.000000
26 0.000000 0.000000 0.000000
27 0.000000 0.000000 0.000000
28 0.000000 0.000000 0.000000
29 0.000000 0.000000 0.000000
30 0.000000 0.000000 0.000000
31 0.000000 0.000000 0.000000
32 0.000000 0.000000 0.000000
33 0.000000 0.000000 0.000000
34 0.000000 0.000000 0.000000
35 0.000000 0.000000 0.000000
36 0.000000 0.000000 0.000000
37 0.000000 0.000000 0.000000
38 0.000000 0.000000 0.000000
39 0.000000 0.000000 0.000000
40 0.000000 0.000000 0.000000
41 0.000000 0.000000 0.000000
42 0.000000 0.000000 0.000000
43 0.000000 0.000000 0.000000
44 0.000000 0.000000 0.000000
45 0.000000 0.000000 0.000000
46 0.000000 0.000000 0.000000
47 0.000000 0.000000 0.000000
48 0.000000 0.000000 0.000000
49 0.000000 0.000000 0.000000
50 0.000000 0.000000 0.000000
51 0.000000 0.000000 0.000000
52 0.000000 0.000000 0.000000
53 0.000000 0.000000 0.000000
54 0.000000 0.000000 0.000000
55 0.000000 0.000000 0.000000
56 0.000000 0.000000 0.000000
57 0.000000 0.000000 0.000000
58 0.000000 0.000000 0.000000
59 0.000000 0.000000 0.000000
60 0.000000 0.000000 0.000000
61 0.000000 0.000000 0.000000
62 0.000000 0.000000 0.000000
63 0.000000 0.000000 0.000000
64 0.000000 0.000000 0.000000
65 0.000000 0.000000 0.000000
66 0.000000 0.000000 0.000000
67 0.000000 0.000000 0.000000
68 0.000000 0.000000 0.000000
69 0.000000 0.000000 0.000000
70 0.000000 0.000000 0.000000
71 0.000000 0.000000 0.000000
72 0.000000 0.000000 0.000000
73 0.000000 0.000000 0.000000
74 0.000000 0.000000 0.000000
75 0.000000 0.000000 0.000000
76 0.000000 0.000000 0.000000
77 0.000000 0.000000 0.000000
78 0.000000 0.000000 0.000000
79 0.000000 0.000000 0.000000
80 0.000000 0.000000 0.000000
81 0.000000 0.000000 0.000000
82 0.000000 0.000000 0.000000
83 0.000000 0.000000 0.000000
84 0.000000 0.000000 0.000000
85 0.000000 0.000000 0.000000
86 0.000000 0.000000 0.000000
87 0.000000 0.000000 0.000000
88 0.000000 0.000000 0.000000
89 0.000000 0.000000 0.000000
90 0.000000 0.000000 0.000000
91 0.000000 0.000000 0.000000
92 0.000000 0.000000 0.000000
93 0.000000 0.000000 0.000000
94 0.000000 0.000000 0.000000
95 0.000000 0.000000 0.000000
96 0.000000 0.000000 0.000000
97 0.000000 0.000000 0.000000
98 0.000000 0.000000 0.000000
99 0.000000 0.000000 0.000000
20 0.000000 0.000000 0.000000
21 0.000000 0.000000 0.000000
22 0.000000 0.000000 0.000000
23 0.000000 0.000000 0.000000
24 0.000000 0.000000 0.000000
25 0.000000 0.000000 0.000000
26 0.000000 0.000000 0.000000
27 0.000000 0.000000 0.000000
28 0.000000 0.000000 0.000000
29 0.000000 0.000000 0.000000
30 0.000000 0.000000 0.000000
31 0.000000 0.000000 0.000000
32 0.000000 0.000000 0.000000
33 0.000000 0.000000 0.000000
34 0.000000 0.000000 0.000000
35 0.000000 0.000000 0.000000
36 0.000000 0.000000 0.000000
37 0.000000 0.000000 0.000000
38 0.000000 0.000000 0.000000
39 0.000000 0.000000 0.000000
40 0.000000 0.000000 0.000000
41 0.000000 0.000000 0.000000
42 0.000000 0.000000 0.000000
43 0.000000 0.000000 0.000000
44 0.000000 0.000000 0.000000
45 0.000000 0.000000 0.000000
46 0.000000 0.000000 0.000000
47 0.000000 0.000000 0.000000
48 0.000000 0.000000 0.000000
49 0.000000 0.000000 0.000000
50 0.000000 0.000000 0.000000
51 0.000000 0.000000 0.000000
52 0.000000 0.000000 0.000000
53 0.000000 0.000000 0.000000
54 0.000000 0.000000 0.000000
55 0.000000 0.000000 0.000000
56 0.000000 0.000000 0.000000
57 0.000000 0.000000 0.000000
58 0.000000 0.000000 0.000000
59 0.000000 0.000000 0.000000
60 0.000000 0.000000 0.000000
61 0.000000 0.000000 0.000000
62 0.000000 0.000000 0.000000
63 0.000000 0.000000 0.000000
64 0.000000 0.000000 0.000000
65 0.000000 0.000000 0.000000
66 0.000000 0.000000 0.000000
67 0.000000 0.000000 0.000000
68 0.000000 0.000000 0.000000
69 0.000000 0.000000 0.000000
70 0.000000 0.000000 0.000000
71 0.000000 0.000000 0.000000
72 0.000000 0.000000 0.000000
73 0.000000 0.000000 0.000000
74 0.000000 0.000000 0.000000
75 0.000000 0.000000 0.000000
76 0.000000 0.000000 0.000000
77 0.000000 0.000000 0.000000
78 0.000000 0.000000 0.000000
79 0.000000 0.000000 0.000000
80 0.000000 0.000000 0.000000
81 0.000000 0.000000 0.000000
82 0.000000 0.000000 0.000000
83 0.000000 0.000000 0.000000
84 0.000000 0.000000 0.000000
85 0.000000 0.000000 0.000000
86 0.000000 0.000000 0.000000
87 0.000000 0.000000 0.000000
88 0.000000 0.000000 0.000000
89 0.000000 0.000000 0.000000
90 0.000000 0.000000 0.000000
91 0.000000 0.000000 0.000000
92 0.000000 0.000000 0.000000
93 0.000000 0.000000 0.000000
94 0.000000 0.000000 0.000000
95 0.000000 0.000000 0.000000
96 0.000000 0.000000 0.000000
97 0.000000 0.000000 0.000000
98 0.000000 0.000000 0.000000
99 0.000000 0.000000 0.000000
20 0.000000 0.000000 0.000000
21 0.000000 0.000000 0.000000
22 0.000000 0.000000 0.000000
23 0.000000 0.000000 0.000000
24 0.000000 0.000000 0.000000
25 0.000000 0.000000 0.000000
26 0.000000 0.000000 0.000000
27 0.000000 0.000000 0.000000
28 0.000000 0.000000 0.000000
29 0.000000 0.000000 0.000000
30 0.000000 0.000000 0.000000
31 0.000000 0.000000 0.000000
32 0.000000 0.000000 0.000000
33 0.000000 0.000000 0.000000
34 0.000000 0.000000 0.000000
35 0.000000 0.000000 0.000000
36 0.000000 0.000000 0.000000
37 0.000000 0.000000 0.000000
38 0.000000 0.000000 0.000000
39 0.000000 0.000000 0.000000
40 0.000000 0.000000 0.000000
41 0.000000 0.000000 0.000000
42 0.000000 0.000000 0.000000
43 0.000000 0.000000 0.000000
44 0.000000 0.000000 0.000000
45 0.000000 0.000000 0.000000
46 0.000000 0.000000 0.000000
47 0.000000 0.000000 0.000000
48 0.000000 0.000000 0.000000
49 0.000000 0.000000 0.000000
50 0.000000 0.000000 0.000000
51 0.000000 0.000000 0.000000
52 0.000000 0.000000 0.000000
53 0.000000 0.000000 0.000000
54 0.000000 0.000000 0.000000
55 0.000000 0.000000 0.000000
56 0.000000 0.000000 0.000000
57 0.000000 0.000000 0.000000
58 0.000000 0.000000 0.000000
59 0.000000 0.000000 0.000000
60 0.000000 0.000000 0.000000
61 0.000000 0.000000 0.000000
62 0.000000 0.000000 0.000000
63 0.000000 0.000000 0.000000
64 0.000000 0.000000 0.000000
65 0.000000 0.000000 0.000000
66 0.000000 0.000000 0.000000
67 0.000000 0.000000 0.000000
68 0.000000 0.000000 0.000000
69 0.000000 0.000000 0.000000
70 0.000000 0.000000 0.000000
71 0.000000 0.000000 0.000000
72 0.000000 0.000000 0.000000
73 0.000000 0.000000 0.000000
74 0.000000 0.000000 0.000000
75 0.000000 0.000000 0.000000
76 0.000000 0.000000 0.000000
77 0.000000 0.000000 0.000000
78 0.000000 0.000000 0.000000
79 0.000000 0.000000 0.000000
80 0.000000 0.000000 0.000000
81 0.000000 0.000000 0.000000
82 0.000000 0.000000 0.000000
83 0.000000 0.000000 0.000000
84 0.000000 0.000000 0.000000
85 0.000000 0.000000 0.000000
86 0.000000 0.000000 0.000000
87 0.000000 0.000000 0.000000
88 0.000000 0.000000 0.000000
89 0.000000 0.000000 0.000000
90 0.000000 0.000000 0.000000
91 0.000000 0.000000 0.000000
92 0.000000 0.000000 0.000000
93 0.000000 0.000000 0.000000
94 0.000000 0.000000 0.000000
95 0.000000 0.000000 0.000000
96 0.000000 0.000000 0.000000
97 0.000000 0.000000 0.000000
98 0.000000 0.000000 0.000000
99 0.000000 0.000000 0.000000
