10 1.000000 1.000000 1.000000
20 1.000000 1.000000 1.000000
30 1.000000 1.000000 1.000000
40 1.000000 1.000000 0.950000
50 1.000000 1.000000 0.960000
60 1.000000 0.966667 0.816667
70 0.900000 0.857143 0.542857
80 0.775000 0.687500 0.250000
90 0.666667 0.566667 0.166667
100 0.500000 0.440000 0.060000
110 0.281818 0.181818 0.009091
120 0.116667 0.058333 0.000000
130 0.092308 0.038462 0.000000
140 0.000000 0.000000 0.000000
150 0.006667 0.000000 0.000000
160 0.000000 0.000000 0.000000
170 0.000000 0.000000 0.000000
180 0.000000 0.000000 0.000000
190 0.000000 0.000000 0.000000
200 0.000000 0.000000 0.000000
210 0.000000 0.000000 0.000000
220 0.000000 0.000000 0.000000
230 0.000000 0.000000 0.000000
240 0.000000 0.000000 0.000000
250 0.000000 0.000000 0.000000
260 0.000000 0.000000 0.000000
270 0.000000 0.000000 0.000000
280 0.000000 0.000000 0.000000
290 0.000000 0.000000 0.000000
300 0.000000 0.000000 0.000000
310 0.000000 0.000000 0.000000
320 0.000000 0.000000 0.000000
330 0.000000 0.000000 0.000000
340 0.000000 0.000000 0.000000
350 0.000000 0.000000 0.000000
360 0.000000 0.000000 0.000000
370 0.000000 0.000000 0.000000
380 0.000000 0.000000 0.000000
390 0.000000 0.000000 0.000000
400 0.000000 0.000000 0.000000
410 0.000000 0.000000 0.000000
420 0.000000 0.000000 0.000000
430 0.000000 0.000000 0.000000
440 0.000000 0.000000 0.000000
450 0.000000 0.000000 0.000000
460 0.000000 0.000000 0.000000
470 0.000000 0.000000 0.000000
480 0.000000 0.000000 0.000000
490 0.000000 0.000000 0.000000
500 0.000000 0.000000 0.000000
510 0.000000 0.000000 0.000000
520 0.000000 0.000000 0.000000
530 0.000000 0.000000 0.000000
540 0.000000 0.000000 0.000000
550 0.000000 0.000000 0.000000
560 0.000000 0.000000 0.000000
570 0.000000 0.000000 0.000000
580 0.000000 0.000000 0.000000
590 0.000000 0.000000 0.000000
600 0.000000 0.000000 0.000000
610 0.000000 0.000000 0.000000
620 0.000000 0.000000 0.000000
630 0.000000 0.000000 0.000000
640 0.000000 0.000000 0.000000
650 0.000000 0.000000 0.000000
660 0.000000 0.000000 0.000000
670 0.000000 0.000000 0.000000
680 0.000000 0.000000 0.000000
690 0.000000 0.000000 0.000000
700 0.000000 0.000000 0.000000
710 0.000000 0.000000 0.000000
720 0.000000 0.000000 0.000000
730 0.000000 0.000000 0.000000
740 0.000000 0.000000 0.000000
750 0.000000 0.000000 0.000000
760 0.000000 0.000000 0.000000
770 0.000000 0.000000 0.000000
780 0.000000 0.000000 0.000000
790 0.000000 0.000000 0.000000
800 0.000000 0.000000 0.000000
810 0.000000 0.000000 0.000000
820 0.000000 0.000000 0.000000
830 0.000000 0.000000 0.000000
840 0.000000 0.000000 0.000000
850 0.000000 0.000000 0.000000
860 0.000000 0.000000 0.000000
870 0.000000 0.000000 0.000000
880 0.000000 0.000000 0.000000
890 0.000000 0.000000 0.000000
900 0.000000 0.000000 0.000000
910 0.000000 0.000000 0.000000
920 0.000000 0.000000 0.000000
930 0.000000 0.000000 0.000000
940 0.000000 0.000000 0.000000
950 0.000000 0.000000 0.000000
960 0.000000 0.000000 0.000000
970 0.000000 0.000000 0.000000
980 0.000000 0.000000 0.000000
990 0.000000 0.000000 0.000000
1000 0.000000 0.000000 0.000000
1010 0.000000 0.000000 0.000000
1020 0.000000 0.000000 0.000000
1030 0.000000 0.000000 0.000000
1040 0.000000 0.000000 0.000000
1050 0.000000 0.000000 0.000000
1060 0.000000 0.000000 0.000000
1070 0.000000 0.000000 0.000000
1080 0.000000 0.000000 0.000000
1090 0.000000 0.000000 0.000000
1100 0.000000 0.000000 0.000000
1110 0.000000 0.000000 0.000000
1120 0.000000 0.000000 0.000000
1130 0.000000 0.000000 0.000000
1140 0.000000 0.000000 0.000000
1150 0.000000 0.000000 0.000000
1160 0.000000 0.000000 0.000000
1170 0.000000 0.000000 0.000000
1180 0.000000 0.000000 0.000000
1190 0.000000 0.000000 0.000000
1200 0.000000 0.000000 0.000000
1210 0.000000 0.000000 0.000000
1220 0.000000 0.000000 0.000000
1230 0.000000 0.000000 0.000000
1240 0.000000 0.000000 0.000000
1250 0.000000 0.000000 0.000000
1260 0.000000 0.000000 0.000000
1270 0.000000 0.000000 0.000000
1280 0.000000 0.000000 0.000000
1290 0.000000 0.000000 0.000000
1300 0.000000 0.000000 0.000000
1310 0.000000 0.000000 0.000000
1320 0.000000 0.000000 0.000000
1330 0.000000 0.000000 0.000000
1340 0.000000 0.000000 0.000000
1350 0.000000 0.000000 0.000000
1360 0.000000 0.000000 0.000000
1370 0.000000 0.000000 0.000000
1380 0.000000 0.000000 0.000000
1390 0.000000 0.000000 0.000000
1400 0.000000 0.000000 0.000000
1410 0.000000 0.000000 0.000000
1420 0.000000 0.000000 0.000000
1430 0.000000 0.000000 0.000000
1440 0.000000 0.000000 0.000000
1450 0.000000 0.000000 0.000000
1460 0.000000 0.000000 0.000000
1470 0.000000 0.000000 0.000000
1480 0.000000 0.000000 0.000000
1490 0.000000 0.000000 0.000000
1500 0.000000 0.000000 0.000000
1510 0.000000 0.000000 0.000000
1520 0.000000 0.000000 0.000000
1530 0.000000 0.000000 0.000000
1540 0.000000 0.000000 0.000000
1550 0.000000 0.000000 0.000000
1560 0.000000 0.000000 0.000000
1570 0.000000 0.000000 0.000000
1580 0.000000 0.000000 0.000000
1590 0.000000 0.000000 0.000000
1600 0.000000 0.000000 0.000000
1610 0.000000 0.000000 0.000000
1620 0.000000 0.000000 0.000000
1630 0.000000 0.000000 0.000000
1640 0.000000 0.000000 0.000000
1650 0.000000 0.000000 0.000000
1660 0.000000 0.000000 0.000000
1670 0.000000 0.000000 0.000000
1680 0.000000 0.000000 0.000000
1690 0.000000 0.000000 0.000000
1700 0.000000 0.000000 0.000000
1710 0.000000 0.000000 0.000000
1720 0.000000 0.000000 0.000000
1730 0.000000 0.000000 0.000000
1740 0.000000 0.000000 0.000000
1750 0.000000 0.000000 0.000000
1760 0.000000 0.000000 0.000000
1770 0.000000 0.000000 0.000000
1780 0.000000 0.000000 0.000000
1790 0.000000 0.000000 0.000000
1800 0.000000 0.000000 0.000000
1810 0.000000 0.000000 0.000000
1820 0.000000 0.000000 0.000000
1830 0.000000 0.000000 0.000000
1840 0.000000 0.000000 0.000000
1850 0.000000 0.000000 0.000000
1860 0.000000 0.000000 0.000000
1870 0.000000 0.000000 0.000000
1880 0.000000 0.000000 0.000000
1890 0.000000 0.000000 0.000000
1900 0.000000 0.000000 0.000000
1910 0.000000 0.000000 0.000000
1920 0.000000 0.000000 0.000000
1930 0.000000 0.000000 0.000000
1940 0.000000 0.000000 0.000000
1950 0.000000 0.000000 0.000000
1960 0.000000 0.000000 0.000000
1970 0.000000 0.000000 0.000000
1980 0.000000 0.000000 0.000000
1990 0.000000 0.000000 0.000000
10 1.000000 1.000000 1.000000
20 1.000000 1.000000 1.000000
30 1.000000 1.000000 1.000000
40 1.000000 1.000000 1.000000
50 1.000000 1.000000 1.000000
60 1.000000 1.000000 1.000000
70 1.000000 1.000000 1.000000
80 1.000000 1.000000 1.000000
90 1.000000 1.000000 1.000000
100 1.000000 1.000000 1.000000
110 1.000000 1.000000 1.000000
120 1.000000 1.000000 1.000000
130 1.000000 1.000000 1.000000
140 1.000000 1.000000 1.000000
150 1.000000 1.000000 1.000000
160 1.000000 1.000000 1.000000
170 1.000000 1.000000 1.000000
180 1.000000 1.000000 0.994444
190 1.000000 1.000000 0.989474
200 1.000000 1.000000 0.995000
210 1.000000 1.000000 0.990476
220 1.000000 1.000000 0.986364
230 1.000000 1.000000 0.978261
240 1.000000 0.995833 0.958333
250 1.000000 1.000000 0.944000
260 1.000000 1.000000 0.900000
270 1.000000 0.996296 0.885185
280 1.000000 0.992857 0.842857
290 0.993103 0.979310 0.758621
300 0.986667 0.973333 0.680000
310 0.980645 0.951613 0.603226
320 0.975000 0.950000 0.521875
330 0.951515 0.884848 0.345455
340 0.905882 0.844118 0.285294
350 0.880000 0.722857 0.234286
360 0.808333 0.663889 0.119444
370 0.724324 0.562162 0.048649
380 0.560526 0.368421 0.018421
390 0.497436 0.274359 0.007692
400 0.315000 0.110000 0.005000
410 0.197561 0.080488 0.000000
420 0.092857 0.035714 0.000000
430 0.030233 0.006977 0.000000
440 0.011364 0.002273 0.000000
450 0.004444 0.000000 0.000000
460 0.000000 0.000000 0.000000
470 0.002128 0.000000 0.000000
480 0.000000 0.000000 0.000000
490 0.000000 0.000000 0.000000
500 0.000000 0.000000 0.000000
510 0.000000 0.000000 0.000000
520 0.000000 0.000000 0.000000
530 0.000000 0.000000 0.000000
540 0.000000 0.000000 0.000000
550 0.000000 0.000000 0.000000
560 0.000000 0.000000 0.000000
570 0.000000 0.000000 0.000000
580 0.000000 0.000000 0.000000
590 0.000000 0.000000 0.000000
600 0.000000 0.000000 0.000000
610 0.000000 0.000000 0.000000
620 0.000000 0.000000 0.000000
630 0.000000 0.000000 0.000000
640 0.000000 0.000000 0.000000
650 0.000000 0.000000 0.000000
660 0.000000 0.000000 0.000000
670 0.000000 0.000000 0.000000
680 0.000000 0.000000 0.000000
690 0.000000 0.000000 0.000000
700 0.000000 0.000000 0.000000
710 0.000000 0.000000 0.000000
720 0.000000 0.000000 0.000000
730 0.000000 0.000000 0.000000
740 0.000000 0.000000 0.000000
750 0.000000 0.000000 0.000000
760 0.000000 0.000000 0.000000
770 0.000000 0.000000 0.000000
780 0.000000 0.000000 0.000000
790 0.000000 0.000000 0.000000
800 0.000000 0.000000 0.000000
810 0.000000 0.000000 0.000000
820 0.000000 0.000000 0.000000
830 0.000000 0.000000 0.000000
840 0.000000 0.000000 0.000000
850 0.000000 0.000000 0.000000
860 0.000000 0.000000 0.000000
870 0.000000 0.000000 0.000000
880 0.000000 0.000000 0.000000
890 0.000000 0.000000 0.000000
900 0.000000 0.000000 0.000000
910 0.000000 0.000000 0.000000
920 0.000000 0.000000 0.000000
930 0.000000 0.000000 0.000000
940 0.000000 0.000000 0.000000
950 0.000000 0.000000 0.000000
960 0.000000 0.000000 0.000000
970 0.000000 0.000000 0.000000
980 0.000000 0.000000 0.000000
990 0.000000 0.000000 0.000000
1000 0.000000 0.000000 0.000000
1010 0.000000 0.000000 0.000000
1020 0.000000 0.000000 0.000000
1030 0.000000 0.000000 0.000000
1040 0.000000 0.000000 0.000000
1050 0.000000 0.000000 0.000000
1060 0.000000 0.000000 0.000000
1070 0.000000 0.000000 0.000000
1080 0.000000 0.000000 0.000000
1090 0.000000 0.000000 0.000000
1100 0.000000 0.000000 0.000000
1110 0.000000 0.000000 0.000000
1120 0.000000 0.000000 0.000000
1130 0.000000 0.000000 0.000000
1140 0.000000 0.000000 0.000000
1150 0.000000 0.000000 0.000000
1160 0.000000 0.000000 0.000000
1170 0.000000 0.000000 0.000000
1180 0.000000 0.000000 0.000000
1190 0.000000 0.000000 0.000000
1200 0.000000 0.000000 0.000000
1210 0.000000 0.000000 0.000000
1220 0.000000 0.000000 0.000000
1230 0.000000 0.000000 0.000000
1240 0.000000 0.000000 0.000000
1250 0.000000 0.000000 0.000000
1260 0.000000 0.000000 0.000000
1270 0.000000 0.000000 0.000000
1280 0.000000 0.000000 0.000000
1290 0.000000 0.000000 0.000000
1300 0.000000 0.000000 0.000000
1310 0.000000 0.000000 0.000000
1320 0.000000 0.000000 0.000000
1330 0.000000 0.000000 0.000000
1340 0.000000 0.000000 0.000000
1350 0.000000 0.000000 0.000000
1360 0.000000 0.000000 0.000000
1370 0.000000 0.000000 0.000000
1380 0.000000 0.000000 0.000000
1390 0.000000 0.000000 0.000000
1400 0.000000 0.000000 0.000000
1410 0.000000 0.000000 0.000000
1420 0.000000 0.000000 0.000000
1430 0.000000 0.000000 0.000000
1440 0.000000 0.000000 0.000000
1450 0.000000 0.000000 0.000000
1460 0.000000 0.000000 0.000000
1470 0.000000 0.000000 0.000000
1480 0.000000 0.000000 0.000000
1490 0.000000 0.000000 0.000000
1500 0.000000 0.000000 0.000000
1510 0.000000 0.000000 0.000000
1520 0.000000 0.000000 0.000000
1530 0.000000 0.000000 0.000000
1540 0.000000 0.000000 0.000000
1550 0.000000 0.000000 0.000000
1560 0.000000 0.000000 0.000000
1570 0.000000 0.000000 0.000000
1580 0.000000 0.000000 0.000000
1590 0.000000 0.000000 0.000000
1600 0.000000 0.000000 0.000000
1610 0.000000 0.000000 0.000000
1620 0.000000 0.000000 0.000000
1630 0.000000 0.000000 0.000000
1640 0.000000 0.000000 0.000000
1650 0.000000 0.000000 0.000000
1660 0.000000 0.000000 0.000000
1670 0.000000 0.000000 0.000000
1680 0.000000 0.000000 0.000000
1690 0.000000 0.000000 0.000000
1700 0.000000 0.000000 0.000000
1710 0.000000 0.000000 0.000000
1720 0.000000 0.000000 0.000000
1730 0.000000 0.000000 0.000000
1740 0.000000 0.000000 0.000000
1750 0.000000 0.000000 0.000000
1760 0.000000 0.000000 0.000000
1770 0.000000 0.000000 0.000000
1780 0.000000 0.000000 0.000000
1790 0.000000 0.000000 0.000000
1800 0.000000 0.000000 0.000000
1810 0.000000 0.000000 0.000000
1820 0.000000 0.000000 0.000000
1830 0.000000 0.000000 0.000000
1840 0.000000 0.000000 0.000000
1850 0.000000 0.000000 0.000000
1860 0.000000 0.000000 0.000000
1870 0.000000 0.000000 0.000000
1880 0.000000 0.000000 0.000000
1890 0.000000 0.000000 0.000000
1900 0.000000 0.000000 0.000000
1910 0.000000 0.000000 0.000000
1920 0.000000 0.000000 0.000000
1930 0.000000 0.000000 0.000000
1940 0.000000 0.000000 0.000000
1950 0.000000 0.000000 0.000000
1960 0.000000 0.000000 0.000000
1970 0.000000 0.000000 0.000000
1980 0.000000 0.000000 0.000000
1990 0.000000 0.000000 0.000000
10 1.000000 1.000000 1.000000
20 1.000000 1.000000 1.000000
30 1.000000 1.000000 1.000000
40 1.000000 1.000000 1.000000
50 1.000000 1.000000 1.000000
60 1.000000 1.000000 1.000000
70 1.000000 1.000000 1.000000
80 1.000000 1.000000 1.000000
90 1.000000 1.000000 1.000000
100 1.000000 1.000000 1.000000
110 1.000000 1.000000 1.000000
120 1.000000 1.000000 1.000000
130 1.000000 1.000000 1.000000
140 1.000000 1.000000 1.000000
150 1.000000 1.000000 1.000000
160 1.000000 1.000000 1.000000
170 1.000000 1.000000 1.000000
180 1.000000 1.000000 1.000000
190 1.000000 1.000000 1.000000
200 1.000000 1.000000 1.000000
210 1.000000 1.000000 1.000000
220 1.000000 1.000000 1.000000
230 1.000000 1.000000 1.000000
240 1.000000 1.000000 1.000000
250 1.000000 1.000000 1.000000
260 1.000000 1.000000 1.000000
270 1.000000 1.000000 1.000000
280 1.000000 1.000000 1.000000
290 1.000000 1.000000 1.000000
300 1.000000 1.000000 1.000000
310 1.000000 1.000000 1.000000
320 1.000000 1.000000 1.000000
330 1.000000 1.000000 1.000000
340 1.000000 1.000000 1.000000
350 1.000000 1.000000 1.000000
360 1.000000 1.000000 1.000000
370 1.000000 1.000000 1.000000
380 1.000000 1.000000 1.000000
390 1.000000 1.000000 1.000000
400 1.000000 1.000000 1.000000
410 1.000000 1.000000 1.000000
420 1.000000 1.000000 0.997619
430 1.000000 1.000000 1.000000
440 1.000000 1.000000 1.000000
450 1.000000 1.000000 0.997778
460 1.000000 1.000000 0.993478
470 1.000000 1.000000 0.995745
480 1.000000 1.000000 0.991667
490 1.000000 1.000000 0.991837
500 1.000000 1.000000 0.996000
510 1.000000 1.000000 0.980392
520 1.000000 1.000000 0.992308
530 1.000000 1.000000 0.969811
540 1.000000 1.000000 0.966667
550 1.000000 1.000000 0.954545
560 1.000000 0.998214 0.957143
570 1.000000 0.998246 0.914035
580 1.000000 0.998276 0.893103
590 1.000000 0.998305 0.891525
600 1.000000 1.000000 0.853333
610 1.000000 0.996721 0.786885
620 0.995161 0.983871 0.729032
630 0.995238 0.987302 0.665079
640 0.990625 0.965625 0.575000
650 0.976923 0.947692 0.432308
660 0.972727 0.927273 0.418182
670 0.956716 0.868657 0.307463
680 0.914706 0.782353 0.244118
690 0.878261 0.736232 0.165217
700 0.770000 0.601429 0.110000
710 0.666197 0.480282 0.069014
720 0.434722 0.295833 0.027778
730 0.384932 0.242466 0.024658
740 0.324324 0.181081 0.021622
750 0.165333 0.094667 0.008000
760 0.059211 0.028947 0.001316
770 0.050649 0.023377 0.001299
780 0.008974 0.005128 0.000000
790 0.008861 0.006329 0.000000
800 0.010000 0.005000 0.000000
810 0.000000 0.000000 0.000000
820 0.000000 0.000000 0.000000
830 0.000000 0.000000 0.000000
840 0.000000 0.000000 0.000000
850 0.000000 0.000000 0.000000
860 0.000000 0.000000 0.000000
870 0.000000 0.000000 0.000000
880 0.000000 0.000000 0.000000
890 0.000000 0.000000 0.000000
900 0.000000 0.000000 0.000000
910 0.000000 0.000000 0.000000
920 0.000000 0.000000 0.000000
930 0.000000 0.000000 0.000000
940 0.000000 0.000000 0.000000
950 0.000000 0.000000 0.000000
960 0.000000 0.000000 0.000000
970 0.000000 0.000000 0.000000
980 0.000000 0.000000 0.000000
990 0.000000 0.000000 0.000000
1000 0.000000 0.000000 0.000000
1010 0.000000 0.000000 0.000000
1020 0.000000 0.000000 0.000000
1030 0.000000 0.000000 0.000000
1040 0.000000 0.000000 0.000000
1050 0.000000 0.000000 0.000000
1060 0.000000 0.000000 0.000000
1070 0.000000 0.000000 0.000000
1080 0.000000 0.000000 0.000000
1090 0.000000 0.000000 0.000000
1100 0.000000 0.000000 0.000000
1110 0.000000 0.000000 0.000000
1120 0.000000 0.000000 0.000000
1130 0.000000 0.000000 0.000000
1140 0.000000 0.000000 0.000000
1150 0.000000 0.000000 0.000000
1160 0.000000 0.000000 0.000000
1170 0.000000 0.000000 0.000000
1180 0.000000 0.000000 0.000000
1190 0.000000 0.000000 0.000000
1200 0.000000 0.000000 0.000000
1210 0.000000 0.000000 0.000000
1220 0.000000 0.000000 0.000000
1230 0.000000 0.000000 0.000000
1240 0.000000 0.000000 0.000000
1250 0.000000 0.000000 0.000000
1260 0.000000 0.000000 0.000000
1270 0.000000 0.000000 0.000000
1280 0.000000 0.000000 0.000000
1290 0.000000 0.000000 0.000000
1300 0.000000 0.000000 0.000000
1310 0.000000 0.000000 0.000000
1320 0.000000 0.000000 0.000000
1330 0.000000 0.000000 0.000000
1340 0.000000 0.000000 0.000000
1350 0.000000 0.000000 0.000000
1360 0.000000 0.000000 0.000000
1370 0.000000 0.000000 0.000000
1380 0.000000 0.000000 0.000000
1390 0.000000 0.000000 0.000000
1400 0.000000 0.000000 0.000000
1410 0.000000 0.000000 0.000000
1420 0.000000 0.000000 0.000000
1430 0.000000 0.000000 0.000000
1440 0.000000 0.000000 0.000000
1450 0.000000 0.000000 0.000000
1460 0.000000 0.000000 0.000000
1470 0.000000 0.000000 0.000000
1480 0.000000 0.000000 0.000000
1490 0.000000 0.000000 0.000000
1500 0.000000 0.000000 0.000000
1510 0.000000 0.000000 0.000000
1520 0.000000 0.000000 0.000000
1530 0.000000 0.000000 0.000000
1540 0.000000 0.000000 0.000000
1550 0.000000 0.000000 0.000000
1560 0.000000 0.000000 0.000000
1570 0.000000 0.000000 0.000000
1580 0.000000 0.000000 0.000000
1590 0.000000 0.000000 0.000000
1600 0.000000 0.000000 0.000000
1610 0.000000 0.000000 0.000000
1620 0.000000 0.000000 0.000000
1630 0.000000 0.000000 0.000000
1640 0.000000 0.000000 0.000000
1650 0.000000 0.000000 0.000000
1660 0.000000 0.000000 0.000000
1670 0.000000 0.000000 0.000000
1680 0.000000 0.000000 0.000000
1690 0.000000 0.000000 0.000000
1700 0.000000 0.000000 0.000000
1710 0.000000 0.000000 0.000000
1720 0.000000 0.000000 0.000000
1730 0.000000 0.000000 0.000000
1740 0.000000 0.000000 0.000000
1750 0.000000 0.000000 0.000000
1760 0.000000 0.000000 0.000000
1770 0.000000 0.000000 0.000000
1780 0.000000 0.000000 0.000000
1790 0.000000 0.000000 0.000000
1800 0.000000 0.000000 0.000000
1810 0.000000 0.000000 0.000000
1820 0.000000 0.000000 0.000000
1830 0.000000 0.000000 0.000000
1840 0.000000 0.000000 0.000000
1850 0.000000 0.000000 0.000000
1860 0.000000 0.000000 0.000000
1870 0.000000 0.000000 0.000000
1880 0.000000 0.000000 0.000000
1890 0.000000 0.000000 0.000000
1900 0.000000 0.000000 0.000000
1910 0.000000 0.000000 0.000000
1920 0.000000 0.000000 0.000000
1930 0.000000 0.000000 0.000000
1940 0.000000 0.000000 0.000000
1950 0.000000 0.000000 0.000000
1960 0.000000 0.000000 0.000000
1970 0.000000 0.000000 0.000000
1980 0.000000 0.000000 0.000000
1990 0.000000 0.000000 0.000000
10 1.000000 1.000000 1.000000
20 1.000000 1.000000 1.000000
30 1.000000 1.000000 1.000000
40 1.000000 1.000000 1.000000
50 1.000000 1.000000 1.000000
60 1.000000 1.000000 1.000000
70 1.000000 1.000000 1.000000
80 1.000000 1.000000 1.000000
90 1.000000 1.000000 1.000000
100 1.000000 1.000000 1.000000
110 1.000000 1.000000 1.000000
120 1.000000 1.000000 1.000000
130 1.000000 1.000000 1.000000
140 1.000000 1.000000 1.000000
150 1.000000 1.000000 1.000000
160 1.000000 1.000000 1.000000
170 1.000000 1.000000 1.000000
180 1.000000 1.000000 1.000000
190 1.000000 1.000000 1.000000
200 1.000000 1.000000 1.000000
210 1.000000 1.000000 1.000000
220 1.000000 1.000000 1.000000
230 1.000000 1.000000 1.000000
240 1.000000 1.000000 1.000000
250 1.000000 1.000000 1.000000
260 1.000000 1.000000 1.000000
270 1.000000 1.000000 1.000000
280 1.000000 1.000000 1.000000
290 1.000000 1.000000 1.000000
300 1.000000 1.000000 1.000000
310 1.000000 1.000000 1.000000
320 1.000000 1.000000 1.000000
330 1.000000 1.000000 1.000000
340 1.000000 1.000000 1.000000
350 1.000000 1.000000 1.000000
360 1.000000 1.000000 1.000000
370 1.000000 1.000000 1.000000
380 1.000000 1.000000 1.000000
390 1.000000 1.000000 1.000000
400 1.000000 1.000000 1.000000
410 1.000000 1.000000 1.000000
420 1.000000 1.000000 1.000000
430 1.000000 1.000000 1.000000
440 1.000000 1.000000 1.000000
450 1.000000 1.000000 1.000000
460 1.000000 1.000000 1.000000
470 1.000000 1.000000 1.000000
480 1.000000 1.000000 1.000000
490 1.000000 1.000000 1.000000
500 1.000000 1.000000 1.000000
510 1.000000 1.000000 1.000000
520 1.000000 1.000000 1.000000
530 1.000000 1.000000 1.000000
540 1.000000 1.000000 1.000000
550 1.000000 1.000000 1.000000
560 1.000000 1.000000 1.000000
570 1.000000 1.000000 1.000000
580 1.000000 1.000000 1.000000
590 1.000000 1.000000 1.000000
600 1.000000 1.000000 1.000000
610 1.000000 1.000000 1.000000
620 1.000000 1.000000 1.000000
630 1.000000 1.000000 1.000000
640 1.000000 1.000000 1.000000
650 1.000000 1.000000 1.000000
660 1.000000 1.000000 1.000000
670 1.000000 1.000000 0.998507
680 1.000000 1.000000 1.000000
690 1.000000 1.000000 0.998551
700 1.000000 1.000000 0.998571
710 1.000000 1.000000 1.000000
720 1.000000 1.000000 1.000000
730 1.000000 1.000000 1.000000
740 1.000000 1.000000 1.000000
750 1.000000 1.000000 0.998667
760 1.000000 1.000000 0.998684
770 1.000000 1.000000 0.997403
780 1.000000 1.000000 1.000000
790 1.000000 1.000000 0.998734
800 1.000000 1.000000 0.996250
810 1.000000 1.000000 0.996296
820 1.000000 1.000000 1.000000
830 1.000000 1.000000 0.993976
840 1.000000 1.000000 0.995238
850 1.000000 1.000000 0.994118
860 1.000000 1.000000 0.995349
870 1.000000 1.000000 0.989655
880 1.000000 1.000000 0.993182
890 1.000000 1.000000 0.987640
900 1.000000 1.000000 0.990000
910 1.000000 1.000000 0.981319
920 1.000000 1.000000 0.977174
930 1.000000 1.000000 0.963441
940 1.000000 1.000000 0.940426
950 1.000000 0.998947 0.948421
960 0.998958 0.996875 0.923958
970 0.998969 0.994845 0.882474
980 0.998980 0.994898 0.875510
990 0.993939 0.980808 0.781818
1000 0.993000 0.983000 0.777000
1010 0.978218 0.949505 0.677228
1020 0.985294 0.948039 0.634314
1030 0.919417 0.866990 0.503883
1040 0.920192 0.849038 0.443269
1050 0.884762 0.808571 0.364762
1060 0.851887 0.751887 0.337736
1070 0.708411 0.600000 0.217757
1080 0.443519 0.351852 0.102778
1090 0.597248 0.466972 0.129358
1100 0.388182 0.285455 0.085455
1110 0.267568 0.202703 0.040541
1120 0.259821 0.179464 0.028571
1130 0.145133 0.098230 0.019469
1140 0.046491 0.030702 0.001754
1150 0.062609 0.039130 0.005217
1160 0.031034 0.016379 0.000862
1170 0.023077 0.017949 0.003419
1180 0.023729 0.011864 0.000000
1190 0.007563 0.003361 0.000000
1200 0.003333 0.000833 0.000000
1210 0.001653 0.000826 0.000000
1220 0.000820 0.000000 0.000000
1230 0.000000 0.000000 0.000000
1240 0.000000 0.000000 0.000000
1250 0.000000 0.000000 0.000000
1260 0.000000 0.000000 0.000000
1270 0.000000 0.000000 0.000000
1280 0.000000 0.000000 0.000000
1290 0.000000 0.000000 0.000000
1300 0.000000 0.000000 0.000000
1310 0.000000 0.000000 0.000000
1320 0.000000 0.000000 0.000000
1330 0.000000 0.000000 0.000000
1340 0.000000 0.000000 0.000000
1350 0.000000 0.000000 0.000000
1360 0.000000 0.000000 0.000000
1370 0.000000 0.000000 0.000000
1380 0.000000 0.000000 0.000000
1390 0.000000 0.000000 0.000000
1400 0.000000 0.000000 0.000000
1410 0.000000 0.000000 0.000000
1420 0.000000 0.000000 0.000000
1430 0.000000 0.000000 0.000000
1440 0.000000 0.000000 0.000000
1450 0.000000 0.000000 0.000000
1460 0.000000 0.000000 0.000000
1470 0.000000 0.000000 0.000000
1480 0.000000 0.000000 0.000000
1490 0.000000 0.000000 0.000000
1500 0.000000 0.000000 0.000000
1510 0.000000 0.000000 0.000000
1520 0.000000 0.000000 0.000000
1530 0.000000 0.000000 0.000000
1540 0.000000 0.000000 0.000000
1550 0.000000 0.000000 0.000000
1560 0.000000 0.000000 0.000000
1570 0.000000 0.000000 0.000000
1580 0.000000 0.000000 0.000000
1590 0.000000 0.000000 0.000000
1600 0.000000 0.000000 0.000000
1610 0.000000 0.000000 0.000000
1620 0.000000 0.000000 0.000000
1630 0.000000 0.000000 0.000000
1640 0.000000 0.000000 0.000000
1650 0.000000 0.000000 0.000000
1660 0.000000 0.000000 0.000000
1670 0.000000 0.000000 0.000000
1680 0.000000 0.000000 0.000000
1690 0.000000 0.000000 0.000000
1700 0.000000 0.000000 0.000000
1710 0.000000 0.000000 0.000000
1720 0.000000 0.000000 0.000000
1730 0.000000 0.000000 0.000000
1740 0.000000 0.000000 0.000000
1750 0.000000 0.000000 0.000000
1760 0.000000 0.000000 0.000000
1770 0.000000 0.000000 0.000000
1780 0.000000 0.000000 0.000000
1790 0.000000 0.000000 0.000000
1800 0.000000 0.000000 0.000000
1810 0.000000 0.000000 0.000000
1820 0.000000 0.000000 0.000000
1830 0.000000 0.000000 0.000000
1840 0.000000 0.000000 0.000000
1850 0.000000 0.000000 0.000000
1860 0.000000 0.000000 0.000000
1870 0.000000 0.000000 0.000000
1880 0.000000 0.000000 0.000000
1890 0.000000 0.000000 0.000000
1900 0.000000 0.000000 0.000000
1910 0.000000 0.000000 0.000000
1920 0.000000 0.000000 0.000000
1930 0.000000 0.000000 0.000000
1940 0.000000 0.000000 0.000000
1950 0.000000 0.000000 0.000000
1960 0.000000 0.000000 0.000000
1970 0.000000 0.000000 0.000000
1980 0.000000 0.000000 0.000000
1990 0.000000 0.000000 0.000000
10 1.000000 1.000000 1.000000
20 1.000000 1.000000 1.000000
30 1.000000 1.000000 1.000000
40 1.000000 1.000000 1.000000
50 1.000000 1.000000 1.000000
60 1.000000 1.000000 1.000000
70 1.000000 1.000000 1.000000
80 1.000000 1.000000 1.000000
90 1.000000 1.000000 1.000000
100 1.000000 1.000000 1.000000
110 1.000000 1.000000 1.000000
120 1.000000 1.000000 1.000000
130 1.000000 1.000000 1.000000
140 1.000000 1.000000 1.000000
150 1.000000 1.000000 1.000000
160 1.000000 1.000000 1.000000
170 1.000000 1.000000 1.000000
180 1.000000 1.000000 1.000000
190 1.000000 1.000000 1.000000
200 1.000000 1.000000 1.000000
210 1.000000 1.000000 1.000000
220 1.000000 1.000000 1.000000
230 1.000000 1.000000 1.000000
240 1.000000 1.000000 1.000000
250 1.000000 1.000000 1.000000
260 1.000000 1.000000 1.000000
270 1.000000 1.000000 1.000000
280 1.000000 1.000000 1.000000
290 1.000000 1.000000 1.000000
300 1.000000 1.000000 1.000000
310 1.000000 1.000000 1.000000
320 1.000000 1.000000 1.000000
330 1.000000 1.000000 1.000000
340 1.000000 1.000000 1.000000
350 1.000000 1.000000 1.000000
360 1.000000 1.000000 1.000000
370 1.000000 1.000000 1.000000
380 1.000000 1.000000 1.000000
390 1.000000 1.000000 1.000000
400 1.000000 1.000000 1.000000
410 1.000000 1.000000 1.000000
420 1.000000 1.000000 1.000000
430 1.000000 1.000000 1.000000
440 1.000000 1.000000 1.000000
450 1.000000 1.000000 1.000000
460 1.000000 1.000000 1.000000
470 1.000000 1.000000 1.000000
480 1.000000 1.000000 1.000000
490 1.000000 1.000000 1.000000
500 1.000000 1.000000 1.000000
510 1.000000 1.000000 1.000000
520 1.000000 1.000000 1.000000
530 1.000000 1.000000 1.000000
540 1.000000 1.000000 1.000000
550 1.000000 1.000000 1.000000
560 1.000000 1.000000 1.000000
570 1.000000 1.000000 1.000000
580 1.000000 1.000000 1.000000
590 1.000000 1.000000 1.000000
600 1.000000 1.000000 1.000000
610 1.000000 1.000000 1.000000
620 1.000000 1.000000 1.000000
630 1.000000 1.000000 1.000000
640 1.000000 1.000000 1.000000
650 1.000000 1.000000 1.000000
660 1.000000 1.000000 1.000000
670 1.000000 1.000000 1.000000
680 1.000000 1.000000 1.000000
690 1.000000 1.000000 1.000000
700 1.000000 1.000000 1.000000
710 1.000000 1.000000 1.000000
720 1.000000 1.000000 1.000000
730 1.000000 1.000000 1.000000
740 1.000000 1.000000 1.000000
750 1.000000 1.000000 1.000000
760 1.000000 1.000000 1.000000
770 1.000000 1.000000 1.000000
780 1.000000 1.000000 1.000000
790 1.000000 1.000000 1.000000
800 1.000000 1.000000 1.000000
810 1.000000 1.000000 1.000000
820 1.000000 1.000000 1.000000
830 1.000000 1.000000 1.000000
840 1.000000 1.000000 1.000000
850 1.000000 1.000000 1.000000
860 1.000000 1.000000 1.000000
870 1.000000 1.000000 1.000000
880 1.000000 1.000000 1.000000
890 1.000000 1.000000 1.000000
900 1.000000 1.000000 1.000000
910 1.000000 1.000000 1.000000
920 1.000000 1.000000 1.000000
930 1.000000 1.000000 1.000000
940 1.000000 1.000000 1.000000
950 1.000000 1.000000 1.000000
960 1.000000 1.000000 1.000000
970 1.000000 1.000000 1.000000
980 1.000000 1.000000 1.000000
990 1.000000 1.000000 1.000000
1000 1.000000 1.000000 1.000000
1010 1.000000 1.000000 1.000000
1020 1.000000 1.000000 1.000000
1030 1.000000 1.000000 1.000000
1040 1.000000 1.000000 1.000000
1050 1.000000 1.000000 1.000000
1060 1.000000 1.000000 1.000000
1070 1.000000 1.000000 0.999065
1080 1.000000 1.000000 1.000000
1090 1.000000 1.000000 1.000000
1100 1.000000 1.000000 1.000000
1110 1.000000 1.000000 1.000000
1120 1.000000 1.000000 1.000000
1130 1.000000 1.000000 1.000000
1140 1.000000 1.000000 1.000000
1150 1.000000 1.000000 0.999130
1160 1.000000 1.000000 1.000000
1170 1.000000 1.000000 1.000000
1180 1.000000 1.000000 0.999153
1190 1.000000 1.000000 0.998319
1200 1.000000 1.000000 0.997500
1210 1.000000 1.000000 0.999174
1220 1.000000 1.000000 0.999180
1230 1.000000 1.000000 0.997561
1240 1.000000 1.000000 0.999194
1250 1.000000 1.000000 0.998400
1260 1.000000 1.000000 0.997619
1270 1.000000 1.000000 0.996063
1280 1.000000 1.000000 0.997656
1290 1.000000 1.000000 0.993798
1300 1.000000 1.000000 0.993846
1310 1.000000 1.000000 0.992366
1320 1.000000 0.999242 0.993939
1330 1.000000 1.000000 0.983459
1340 1.000000 1.000000 0.989552
1350 1.000000 1.000000 0.971852
1360 1.000000 1.000000 0.967647
1370 1.000000 0.997080 0.961314
1380 0.996377 0.993478 0.939855
1390 0.994245 0.987770 0.914388
1400 0.985714 0.976429 0.878571
1410 0.990071 0.979433 0.868794
1420 0.971127 0.950000 0.817606
1430 0.946154 0.921678 0.741259
1440 0.889583 0.856944 0.667361
1450 0.891724 0.841379 0.631034
1460 0.775342 0.714384 0.473288
1470 0.797279 0.739456 0.487755
1480 0.682432 0.607432 0.362162
1490 0.565772 0.496644 0.278523
1500 0.558667 0.494000 0.281333
1510 0.478808 0.407285 0.209272
1520 0.372368 0.307895 0.143421
1530 0.395425 0.330719 0.150327
1540 0.262987 0.214286 0.079221
1550 0.240645 0.191613 0.081935
1560 0.166026 0.130128 0.056410
1570 0.150318 0.113376 0.033121
1580 0.085443 0.067722 0.021519
1590 0.040252 0.027044 0.008805
1600 0.069375 0.046875 0.008750
1610 0.022360 0.011180 0.002484
1620 0.012346 0.008025 0.000617
1630 0.011656 0.007362 0.000000
1640 0.007317 0.003049 0.000610
1650 0.004242 0.003030 0.000606
1660 0.001807 0.001807 0.000000
1670 0.002994 0.001198 0.000000
1680 0.000000 0.000000 0.000000
1690 0.000592 0.000592 0.000000
1700 0.001765 0.001765 0.000588
1710 0.000000 0.000000 0.000000
1720 0.000000 0.000000 0.000000
1730 0.000000 0.000000 0.000000
1740 0.000000 0.000000 0.000000
1750 0.000000 0.000000 0.000000
1760 0.000000 0.000000 0.000000
1770 0.000000 0.000000 0.000000
1780 0.000000 0.000000 0.000000
1790 0.000000 0.000000 0.000000
1800 0.000000 0.000000 0.000000
1810 0.000000 0.000000 0.000000
1820 0.000000 0.000000 0.000000
1830 0.000000 0.000000 0.000000
1840 0.000000 0.000000 0.000000
1850 0.000000 0.000000 0.000000
1860 0.000000 0.000000 0.000000
1870 0.000000 0.000000 0.000000
1880 0.000000 0.000000 0.000000
1890 0.000000 0.000000 0.000000
1900 0.000000 0.000000 0.000000
1910 0.000000 0.000000 0.000000
1920 0.000000 0.000000 0.000000
1930 0.000000 0.000000 0.000000
1940 0.000000 0.000000 0.000000
1950 0.000000 0.000000 0.000000
1960 0.000000 0.000000 0.000000
1970 0.000000 0.000000 0.000000
1980 0.000000 0.000000 0.000000
1990 0.000000 0.000000 0.000000
