20 1.000000 1.000000 1.000000
30 1.000000 1.000000 1.000000
40 1.000000 1.000000 1.000000
50 1.000000 1.000000 1.000000
60 1.000000 1.000000 1.000000
70 1.000000 1.000000 1.000000
80 1.000000 1.000000 1.000000
90 1.000000 1.000000 1.000000
100 1.000000 1.000000 1.000000
110 1.000000 1.000000 1.000000
120 1.000000 1.000000 1.000000
130 1.000000 1.000000 1.000000
140 1.000000 1.000000 1.000000
150 1.000000 1.000000 1.000000
160 1.000000 1.000000 1.000000
170 1.000000 1.000000 1.000000
180 1.000000 1.000000 1.000000
190 1.000000 1.000000 1.000000
200 1.000000 1.000000 1.000000
210 1.000000 1.000000 1.000000
220 0.986364 0.986364 0.986364
230 0.982609 0.982609 0.982609
240 0.820833 0.820833 0.820833
250 0.848000 0.848000 0.848000
260 0.680769 0.680769 0.680769
270 0.448148 0.448148 0.448148
280 0.585714 0.585714 0.585714
290 0.272414 0.272414 0.272414
300 0.183333 0.183333 0.183333
310 0.167742 0.167742 0.167742
320 0.081250 0.081250 0.081250
330 0.012121 0.012121 0.012121
340 0.026471 0.026471 0.026471
350 0.074286 0.074286 0.074286
360 0.016667 0.016667 0.016667
370 0.002703 0.002703 0.002703
380 0.002632 0.002632 0.002632
390 0.007692 0.007692 0.007692
400 0.000000 0.000000 0.000000
410 0.000000 0.000000 0.000000
420 0.000000 0.000000 0.000000
430 0.000000 0.000000 0.000000
440 0.000000 0.000000 0.000000
450 0.000000 0.000000 0.000000
460 0.002174 0.002174 0.002174
470 0.000000 0.000000 0.000000
480 0.000000 0.000000 0.000000
490 0.000000 0.000000 0.000000
500 0.000000 0.000000 0.000000
510 0.000000 0.000000 0.000000
520 0.000000 0.000000 0.000000
530 0.000000 0.000000 0.000000
540 0.000000 0.000000 0.000000
550 0.000000 0.000000 0.000000
560 0.000000 0.000000 0.000000
570 0.000000 0.000000 0.000000
580 0.000000 0.000000 0.000000
590 0.000000 0.000000 0.000000
600 0.000000 0.000000 0.000000
610 0.000000 0.000000 0.000000
620 0.000000 0.000000 0.000000
630 0.000000 0.000000 0.000000
640 0.000000 0.000000 0.000000
650 0.000000 0.000000 0.000000
660 0.000000 0.000000 0.000000
670 0.000000 0.000000 0.000000
680 0.000000 0.000000 0.000000
690 0.000000 0.000000 0.000000
700 0.000000 0.000000 0.000000
710 0.000000 0.000000 0.000000
720 0.000000 0.000000 0.000000
730 0.000000 0.000000 0.000000
740 0.000000 0.000000 0.000000
750 0.000000 0.000000 0.000000
760 0.000000 0.000000 0.000000
770 0.000000 0.000000 0.000000
780 0.000000 0.000000 0.000000
790 0.000000 0.000000 0.000000
800 0.000000 0.000000 0.000000
810 0.000000 0.000000 0.000000
820 0.000000 0.000000 0.000000
830 0.000000 0.000000 0.000000
840 0.000000 0.000000 0.000000
850 0.000000 0.000000 0.000000
860 0.000000 0.000000 0.000000
870 0.000000 0.000000 0.000000
880 0.000000 0.000000 0.000000
890 0.000000 0.000000 0.000000
900 0.000000 0.000000 0.000000
910 0.000000 0.000000 0.000000
920 0.000000 0.000000 0.000000
930 0.000000 0.000000 0.000000
940 0.000000 0.000000 0.000000
950 0.000000 0.000000 0.000000
960 0.000000 0.000000 0.000000
970 0.000000 0.000000 0.000000
980 0.000000 0.000000 0.000000
990 0.000000 0.000000 0.000000
1000 0.000000 0.000000 0.000000
1010 0.000000 0.000000 0.000000
20 1.000000 1.000000 1.000000
30 1.000000 1.000000 1.000000
40 1.000000 1.000000 1.000000
50 1.000000 1.000000 1.000000
60 1.000000 1.000000 1.000000
70 1.000000 1.000000 1.000000
80 1.000000 1.000000 1.000000
90 1.000000 1.000000 1.000000
100 1.000000 1.000000 1.000000
110 1.000000 1.000000 1.000000
120 1.000000 1.000000 1.000000
130 1.000000 1.000000 1.000000
140 1.000000 1.000000 1.000000
150 1.000000 1.000000 1.000000
160 1.000000 1.000000 1.000000
170 1.000000 1.000000 1.000000
180 1.000000 1.000000 1.000000
190 1.000000 1.000000 1.000000
200 1.000000 1.000000 1.000000
210 1.000000 1.000000 1.000000
220 1.000000 1.000000 1.000000
230 1.000000 1.000000 1.000000
240 1.000000 1.000000 1.000000
250 1.000000 1.000000 1.000000
260 1.000000 1.000000 1.000000
270 1.000000 1.000000 1.000000
280 0.978571 0.978571 0.978571
290 0.982759 0.982759 0.982759
300 1.000000 1.000000 1.000000
310 0.974194 0.974194 0.974194
320 0.859375 0.859375 0.859375
330 0.981818 0.981818 0.981818
340 0.838235 0.838235 0.835294
350 0.854286 0.854286 0.854286
360 0.686111 0.686111 0.686111
370 0.716216 0.716216 0.716216
380 0.492105 0.492105 0.492105
390 0.410256 0.410256 0.410256
400 0.185000 0.182500 0.182500
410 0.348780 0.348780 0.348780
420 0.111905 0.111905 0.111905
430 0.120930 0.120930 0.120930
440 0.061364 0.061364 0.061364
450 0.204444 0.204444 0.204444
460 0.121739 0.121739 0.121739
470 0.102128 0.102128 0.102128
480 0.054167 0.054167 0.054167
490 0.010204 0.010204 0.010204
500 0.038000 0.038000 0.038000
510 0.005882 0.005882 0.005882
520 0.005769 0.005769 0.005769
530 0.024528 0.024528 0.024528
540 0.007407 0.007407 0.007407
550 0.009091 0.009091 0.009091
560 0.001786 0.001786 0.001786
570 0.000000 0.000000 0.000000
580 0.008621 0.008621 0.008621
590 0.000000 0.000000 0.000000
600 0.001667 0.001667 0.001667
610 0.000000 0.000000 0.000000
620 0.000000 0.000000 0.000000
630 0.000000 0.000000 0.000000
640 0.000000 0.000000 0.000000
650 0.000000 0.000000 0.000000
660 0.000000 0.000000 0.000000
670 0.000000 0.000000 0.000000
680 0.000000 0.000000 0.000000
690 0.000000 0.000000 0.000000
700 0.000000 0.000000 0.000000
710 0.000000 0.000000 0.000000
720 0.000000 0.000000 0.000000
730 0.000000 0.000000 0.000000
740 0.000000 0.000000 0.000000
750 0.000000 0.000000 0.000000
760 0.000000 0.000000 0.000000
770 0.000000 0.000000 0.000000
780 0.000000 0.000000 0.000000
790 0.000000 0.000000 0.000000
800 0.000000 0.000000 0.000000
810 0.000000 0.000000 0.000000
820 0.000000 0.000000 0.000000
830 0.000000 0.000000 0.000000
840 0.000000 0.000000 0.000000
850 0.000000 0.000000 0.000000
860 0.000000 0.000000 0.000000
870 0.000000 0.000000 0.000000
880 0.000000 0.000000 0.000000
890 0.000000 0.000000 0.000000
900 0.000000 0.000000 0.000000
910 0.000000 0.000000 0.000000
920 0.000000 0.000000 0.000000
930 0.000000 0.000000 0.000000
940 0.000000 0.000000 0.000000
950 0.000000 0.000000 0.000000
960 0.000000 0.000000 0.000000
970 0.000000 0.000000 0.000000
980 0.000000 0.000000 0.000000
990 0.000000 0.000000 0.000000
1000 0.000000 0.000000 0.000000
1010 0.000000 0.000000 0.000000
20 1.000000 1.000000 1.000000
30 1.000000 1.000000 1.000000
40 1.000000 1.000000 1.000000
50 1.000000 1.000000 1.000000
60 1.000000 1.000000 1.000000
70 1.000000 1.000000 1.000000
80 1.000000 1.000000 1.000000
90 1.000000 1.000000 1.000000
100 1.000000 1.000000 1.000000
110 1.000000 1.000000 1.000000
120 1.000000 1.000000 1.000000
130 1.000000 1.000000 1.000000
140 1.000000 1.000000 1.000000
150 1.000000 1.000000 1.000000
160 1.000000 1.000000 1.000000
170 1.000000 1.000000 1.000000
180 1.000000 1.000000 1.000000
190 1.000000 1.000000 1.000000
200 1.000000 1.000000 1.000000
210 1.000000 1.000000 1.000000
220 1.000000 1.000000 1.000000
230 1.000000 1.000000 1.000000
240 1.000000 1.000000 1.000000
250 1.000000 1.000000 1.000000
260 1.000000 1.000000 1.000000
270 1.000000 1.000000 1.000000
280 1.000000 1.000000 1.000000
290 1.000000 1.000000 1.000000
300 1.000000 1.000000 1.000000
310 1.000000 1.000000 1.000000
320 0.975000 0.975000 0.975000
330 0.996970 0.996970 0.996970
340 0.991176 0.991176 0.991176
350 0.977143 0.977143 0.977143
360 0.936111 0.936111 0.936111
370 0.913514 0.913514 0.913514
380 0.989474 0.989474 0.989474
390 0.912821 0.912821 0.912821
400 0.820000 0.820000 0.820000
410 0.826829 0.826829 0.826829
420 0.504762 0.504762 0.504762
430 0.602326 0.602326 0.602326
440 0.768182 0.768182 0.768182
450 0.413333 0.413333 0.413333
460 0.300000 0.300000 0.300000
470 0.297872 0.297872 0.297872
480 0.181250 0.181250 0.181250
490 0.244898 0.242857 0.242857
500 0.176000 0.176000 0.176000
510 0.058824 0.058824 0.058824
520 0.123077 0.123077 0.123077
530 0.164151 0.164151 0.164151
540 0.083333 0.083333 0.083333
550 0.089091 0.089091 0.089091
560 0.003571 0.003571 0.003571
570 0.035088 0.035088 0.035088
580 0.022414 0.022414 0.022414
590 0.018644 0.018644 0.018644
600 0.021667 0.021667 0.021667
610 0.006557 0.006557 0.006557
620 0.016129 0.016129 0.016129
630 0.012698 0.012698 0.012698
640 0.001563 0.001563 0.001563
650 0.003077 0.003077 0.003077
660 0.004545 0.004545 0.004545
670 0.007463 0.007463 0.007463
680 0.005882 0.005882 0.005882
690 0.001449 0.001449 0.001449
700 0.000000 0.000000 0.000000
710 0.000000 0.000000 0.000000
720 0.000000 0.000000 0.000000
730 0.000000 0.000000 0.000000
740 0.004054 0.004054 0.004054
750 0.000000 0.000000 0.000000
760 0.001316 0.001316 0.001316
770 0.000000 0.000000 0.000000
780 0.000000 0.000000 0.000000
790 0.001266 0.001266 0.001266
800 0.000000 0.000000 0.000000
810 0.001235 0.001235 0.001235
820 0.000000 0.000000 0.000000
830 0.000000 0.000000 0.000000
840 0.000000 0.000000 0.000000
850 0.000000 0.000000 0.000000
860 0.000000 0.000000 0.000000
870 0.000000 0.000000 0.000000
880 0.000000 0.000000 0.000000
890 0.000000 0.000000 0.000000
900 0.000000 0.000000 0.000000
910 0.000000 0.000000 0.000000
920 0.000000 0.000000 0.000000
930 0.000000 0.000000 0.000000
940 0.000000 0.000000 0.000000
950 0.000000 0.000000 0.000000
960 0.000000 0.000000 0.000000
970 0.000000 0.000000 0.000000
980 0.000000 0.000000 0.000000
990 0.000000 0.000000 0.000000
1000 0.000000 0.000000 0.000000
1010 0.000000 0.000000 0.000000
20 1.000000 1.000000 1.000000
30 1.000000 1.000000 1.000000
40 1.000000 1.000000 1.000000
50 1.000000 1.000000 1.000000
60 1.000000 1.000000 1.000000
70 1.000000 1.000000 1.000000
80 1.000000 1.000000 1.000000
90 1.000000 1.000000 1.000000
100 1.000000 1.000000 1.000000
110 1.000000 1.000000 1.000000
120 1.000000 1.000000 1.000000
130 1.000000 1.000000 1.000000
140 1.000000 1.000000 1.000000
150 1.000000 1.000000 1.000000
160 1.000000 1.000000 1.000000
170 1.000000 1.000000 1.000000
180 1.000000 1.000000 1.000000
190 1.000000 1.000000 1.000000
200 1.000000 1.000000 1.000000
210 1.000000 1.000000 1.000000
220 1.000000 1.000000 1.000000
230 1.000000 1.000000 1.000000
240 1.000000 1.000000 1.000000
250 1.000000 1.000000 1.000000
260 1.000000 1.000000 1.000000
270 1.000000 1.000000 1.000000
280 1.000000 1.000000 1.000000
290 1.000000 1.000000 1.000000
300 1.000000 1.000000 1.000000
310 0.996774 0.996774 0.996774
320 1.000000 1.000000 1.000000
330 1.000000 1.000000 1.000000
340 1.000000 1.000000 1.000000
350 0.971429 0.971429 0.971429
360 0.994444 0.994444 0.994444
370 0.991892 0.991892 0.991892
380 0.902632 0.902632 0.902632
390 0.866667 0.866667 0.866667
400 0.942500 0.942500 0.942500
410 0.775610 0.775610 0.775610
420 0.930952 0.930952 0.930952
430 0.695349 0.695349 0.695349
440 0.445455 0.445455 0.445455
450 0.388889 0.388889 0.388889
460 0.528261 0.528261 0.528261
470 0.757447 0.757447 0.757447
480 0.531250 0.531250 0.531250
490 0.434694 0.434694 0.434694
500 0.396000 0.396000 0.396000
510 0.400000 0.400000 0.400000
520 0.242308 0.242308 0.242308
530 0.164151 0.164151 0.164151
540 0.357407 0.357407 0.357407
550 0.047273 0.047273 0.047273
560 0.125000 0.125000 0.125000
570 0.036842 0.036842 0.036842
580 0.032759 0.032759 0.032759
590 0.023729 0.023729 0.023729
600 0.018333 0.018333 0.018333
610 0.267213 0.267213 0.267213
620 0.048387 0.048387 0.048387
630 0.009524 0.009524 0.009524
640 0.050000 0.050000 0.050000
650 0.016923 0.016923 0.016923
660 0.021212 0.021212 0.021212
670 0.013433 0.013433 0.013433
680 0.019118 0.019118 0.019118
690 0.018841 0.018841 0.018841
700 0.008571 0.008571 0.008571
710 0.004225 0.004225 0.004225
720 0.009722 0.009722 0.009722
730 0.006849 0.006849 0.006849
740 0.001351 0.001351 0.001351
750 0.002667 0.002667 0.002667
760 0.003947 0.003947 0.003947
770 0.000000 0.000000 0.000000
780 0.000000 0.000000 0.000000
790 0.000000 0.000000 0.000000
800 0.001250 0.001250 0.001250
810 0.001235 0.001235 0.001235
820 0.000000 0.000000 0.000000
830 0.000000 0.000000 0.000000
840 0.000000 0.000000 0.000000
850 0.000000 0.000000 0.000000
860 0.000000 0.000000 0.000000
870 0.001149 0.001149 0.001149
880 0.001136 0.001136 0.001136
890 0.000000 0.000000 0.000000
900 0.000000 0.000000 0.000000
910 0.000000 0.000000 0.000000
920 0.000000 0.000000 0.000000
930 0.000000 0.000000 0.000000
940 0.000000 0.000000 0.000000
950 0.000000 0.000000 0.000000
960 0.000000 0.000000 0.000000
970 0.000000 0.000000 0.000000
980 0.000000 0.000000 0.000000
990 0.000000 0.000000 0.000000
1000 0.000000 0.000000 0.000000
1010 0.000000 0.000000 0.000000
20 1.000000 1.000000 1.000000
30 1.000000 1.000000 1.000000
40 1.000000 1.000000 1.000000
50 1.000000 1.000000 1.000000
60 1.000000 1.000000 1.000000
70 1.000000 1.000000 1.000000
80 1.000000 1.000000 1.000000
90 1.000000 1.000000 1.000000
100 1.000000 1.000000 1.000000
110 1.000000 1.000000 1.000000
120 1.000000 1.000000 1.000000
130 1.000000 1.000000 1.000000
140 1.000000 1.000000 1.000000
150 1.000000 1.000000 1.000000
160 1.000000 1.000000 1.000000
170 1.000000 1.000000 1.000000
180 1.000000 1.000000 1.000000
190 1.000000 1.000000 1.000000
200 1.000000 1.000000 1.000000
210 1.000000 1.000000 1.000000
220 1.000000 1.000000 1.000000
230 1.000000 1.000000 1.000000
240 1.000000 1.000000 1.000000
250 1.000000 1.000000 1.000000
260 1.000000 1.000000 1.000000
270 1.000000 1.000000 1.000000
280 1.000000 1.000000 1.000000
290 1.000000 1.000000 1.000000
300 1.000000 1.000000 1.000000
310 1.000000 1.000000 1.000000
320 1.000000 1.000000 1.000000
330 1.000000 1.000000 1.000000
340 1.000000 1.000000 1.000000
350 1.000000 1.000000 1.000000
360 1.000000 1.000000 1.000000
370 0.991892 0.991892 0.991892
380 0.994737 0.994737 0.994737
390 0.997436 0.997436 0.997436
400 0.997500 0.997500 0.997500
410 0.953659 0.953659 0.953659
420 0.759524 0.759524 0.759524
430 0.941860 0.941860 0.941860
440 0.818182 0.818182 0.818182
450 0.851111 0.851111 0.851111
460 0.319565 0.319565 0.319565
470 0.572340 0.572340 0.570213
480 0.835417 0.835417 0.835417
490 0.597959 0.597959 0.597959
500 0.350000 0.350000 0.350000
510 0.307843 0.307843 0.307843
520 0.246154 0.246154 0.246154
530 0.169811 0.169811 0.169811
540 0.266667 0.266667 0.266667
550 0.294545 0.294545 0.294545
560 0.228571 0.228571 0.228571
570 0.245614 0.245614 0.245614
580 0.294828 0.294828 0.294828
590 0.183051 0.183051 0.183051
600 0.131667 0.131667 0.131667
610 0.072131 0.072131 0.072131
620 0.056452 0.056452 0.056452
630 0.030159 0.030159 0.030159
640 0.065625 0.065625 0.065625
650 0.081538 0.081538 0.081538
660 0.065152 0.065152 0.065152
670 0.028358 0.028358 0.028358
680 0.022059 0.022059 0.022059
690 0.015942 0.015942 0.015942
700 0.008571 0.008571 0.008571
710 0.023944 0.023944 0.023944
720 0.000000 0.000000 0.000000
730 0.005479 0.005479 0.005479
740 0.013514 0.013514 0.013514
750 0.026667 0.026667 0.026667
760 0.038158 0.038158 0.038158
770 0.002597 0.002597 0.002597
780 0.007692 0.007692 0.007692
790 0.001266 0.001266 0.001266
800 0.006250 0.006250 0.006250
810 0.007407 0.007407 0.007407
820 0.004878 0.004878 0.004878
830 0.000000 0.000000 0.000000
840 0.004762 0.004762 0.004762
850 0.001176 0.001176 0.001176
860 0.001163 0.001163 0.001163
870 0.000000 0.000000 0.000000
880 0.000000 0.000000 0.000000
890 0.000000 0.000000 0.000000
900 0.001111 0.001111 0.001111
910 0.000000 0.000000 0.000000
920 0.000000 0.000000 0.000000
930 0.000000 0.000000 0.000000
940 0.000000 0.000000 0.000000
950 0.000000 0.000000 0.000000
960 0.000000 0.000000 0.000000
970 0.000000 0.000000 0.000000
980 0.000000 0.000000 0.000000
990 0.000000 0.000000 0.000000
1000 0.000000 0.000000 0.000000
1010 0.000000 0.000000 0.000000
20 1.000000 1.000000 1.000000
30 1.000000 1.000000 1.000000
40 1.000000 1.000000 1.000000
50 1.000000 1.000000 1.000000
60 1.000000 1.000000 1.000000
70 1.000000 1.000000 1.000000
80 1.000000 1.000000 1.000000
90 1.000000 1.000000 1.000000
100 1.000000 1.000000 1.000000
110 1.000000 1.000000 1.000000
120 1.000000 1.000000 1.000000
130 1.000000 1.000000 1.000000
140 1.000000 1.000000 1.000000
150 1.000000 1.000000 1.000000
160 1.000000 1.000000 1.000000
170 1.000000 1.000000 1.000000
180 1.000000 1.000000 1.000000
190 1.000000 1.000000 1.000000
200 1.000000 1.000000 1.000000
210 1.000000 1.000000 1.000000
220 0.986364 0.986364 0.986364
230 0.982609 0.982609 0.982609
240 0.820833 0.820833 0.820833
250 0.848000 0.848000 0.848000
260 0.680769 0.680769 0.680769
270 0.448148 0.448148 0.448148
280 0.585714 0.585714 0.585714
290 0.272414 0.272414 0.272414
300 0.183333 0.183333 0.183333
310 0.167742 0.167742 0.167742
320 0.081250 0.081250 0.081250
330 0.012121 0.012121 0.012121
340 0.026471 0.026471 0.026471
350 0.074286 0.074286 0.074286
360 0.585714 0.585714 0.585714
370 0.002703 0.002703 0.002703
380 0.002632 0.002632 0.002632
390 0.007692 0.007692 0.007692
400 0.000000 0.000000 0.000000
410 0.000000 0.000000 0.000000
420 0.000000 0.000000 0.000000
430 0.000000 0.000000 0.000000
440 0.000000 0.000000 0.000000
450 0.000000 0.000000 0.000000
460 0.002174 0.002174 0.002174
470 0.000000 0.000000 0.000000
480 0.000000 0.000000 0.000000
490 0.000000 0.000000 0.000000
500 0.000000 0.000000 0.000000
510 0.000000 0.000000 0.000000
520 0.000000 0.000000 0.000000
530 0.000000 0.000000 0.000000
540 0.000000 0.000000 0.000000
550 0.000000 0.000000 0.000000
560 0.000000 0.000000 0.000000
570 0.000000 0.000000 0.000000
580 0.000000 0.000000 0.000000
590 0.000000 0.000000 0.000000
600 0.000000 0.000000 0.000000
610 0.000000 0.000000 0.000000
620 0.000000 0.000000 0.000000
630 0.000000 0.000000 0.000000
640 0.000000 0.000000 0.000000
650 0.000000 0.000000 0.000000
660 0.000000 0.000000 0.000000
670 0.000000 0.000000 0.000000
680 0.000000 0.000000 0.000000
690 0.000000 0.000000 0.000000
700 0.000000 0.000000 0.000000
710 0.000000 0.000000 0.000000
720 0.000000 0.000000 0.000000
730 0.000000 0.000000 0.000000
740 0.000000 0.000000 0.000000
750 0.000000 0.000000 0.000000
760 0.000000 0.000000 0.000000
770 0.000000 0.000000 0.000000
780 0.000000 0.000000 0.000000
790 0.000000 0.000000 0.000000
800 0.000000 0.000000 0.000000
810 0.000000 0.000000 0.000000
820 0.000000 0.000000 0.000000
830 0.000000 0.000000 0.000000
840 0.000000 0.000000 0.000000
850 0.000000 0.000000 0.000000
860 0.000000 0.000000 0.000000
870 0.000000 0.000000 0.000000
880 0.000000 0.000000 0.000000
890 0.000000 0.000000 0.000000
900 0.000000 0.000000 0.000000
910 0.000000 0.000000 0.000000
920 0.000000 0.000000 0.000000
930 0.000000 0.000000 0.000000
940 0.000000 0.000000 0.000000
950 0.000000 0.000000 0.000000
960 0.000000 0.000000 0.000000
970 0.000000 0.000000 0.000000
980 0.000000 0.000000 0.000000
990 0.000000 0.000000 0.000000
1000 0.000000 0.000000 0.000000
1010 0.000000 0.000000 0.000000
20 1.000000 1.000000 1.000000
30 1.000000 1.000000 1.000000
40 1.000000 1.000000 1.000000
50 1.000000 1.000000 1.000000
60 1.000000 1.000000 1.000000
70 1.000000 1.000000 1.000000
80 1.000000 1.000000 1.000000
90 1.000000 1.000000 1.000000
100 1.000000 1.000000 1.000000
110 1.000000 1.000000 1.000000
120 1.000000 1.000000 1.000000
130 1.000000 1.000000 1.000000
140 1.000000 1.000000 1.000000
150 1.000000 1.000000 1.000000
160 1.000000 1.000000 1.000000
170 1.000000 1.000000 1.000000
180 1.000000 1.000000 1.000000
190 1.000000 1.000000 1.000000
200 1.000000 1.000000 1.000000
210 1.000000 1.000000 1.000000
220 1.000000 1.000000 1.000000
230 1.000000 1.000000 1.000000
240 1.000000 1.000000 1.000000
250 1.000000 1.000000 1.000000
260 1.000000 1.000000 1.000000
270 1.000000 1.000000 1.000000
280 0.978571 0.978571 0.978571
290 0.982759 0.982759 0.982759
300 1.000000 1.000000 1.000000
310 0.974194 0.974194 0.974194
320 0.859375 0.859375 0.859375
330 0.981818 0.981818 0.981818
340 0.838235 0.838235 0.835294
350 0.854286 0.854286 0.854286
360 0.686111 0.686111 0.686111
370 0.716216 0.716216 0.716216
380 0.492105 0.492105 0.492105
390 0.410256 0.410256 0.410256
400 0.185000 0.182500 0.182500
410 0.348780 0.348780 0.348780
420 0.111905 0.111905 0.111905
430 0.120930 0.120930 0.120930
440 0.061364 0.061364 0.061364
450 0.204444 0.204444 0.204444
460 0.121739 0.121739 0.121739
470 0.102128 0.102128 0.102128
480 0.054167 0.054167 0.054167
490 0.010204 0.010204 0.010204
500 0.038000 0.038000 0.038000
510 0.005882 0.005882 0.005882
520 0.005769 0.005769 0.005769
530 0.024528 0.024528 0.024528
540 0.007407 0.007407 0.007407
550 0.009091 0.009091 0.009091
560 0.001786 0.001786 0.001786
570 0.000000 0.000000 0.000000
580 0.008621 0.008621 0.008621
590 0.000000 0.000000 0.000000
600 0.001667 0.001667 0.001667
610 0.000000 0.000000 0.000000
620 0.000000 0.000000 0.000000
630 0.000000 0.000000 0.000000
640 0.000000 0.000000 0.000000
650 0.000000 0.000000 0.000000
660 0.000000 0.000000 0.000000
670 0.000000 0.000000 0.000000
680 0.000000 0.000000 0.000000
690 0.000000 0.000000 0.000000
700 0.000000 0.000000 0.000000
710 0.000000 0.000000 0.000000
720 0.000000 0.000000 0.000000
730 0.000000 0.000000 0.000000
740 0.000000 0.000000 0.000000
750 0.000000 0.000000 0.000000
760 0.000000 0.000000 0.000000
770 0.000000 0.000000 0.000000
780 0.000000 0.000000 0.000000
790 0.000000 0.000000 0.000000
800 0.000000 0.000000 0.000000
810 0.000000 0.000000 0.000000
820 0.000000 0.000000 0.000000
830 0.000000 0.000000 0.000000
840 0.000000 0.000000 0.000000
850 0.000000 0.000000 0.000000
860 0.000000 0.000000 0.000000
870 0.000000 0.000000 0.000000
880 0.000000 0.000000 0.000000
890 0.000000 0.000000 0.000000
900 0.000000 0.000000 0.000000
910 0.000000 0.000000 0.000000
920 0.000000 0.000000 0.000000
930 0.000000 0.000000 0.000000
940 0.000000 0.000000 0.000000
950 0.000000 0.000000 0.000000
960 0.000000 0.000000 0.000000
970 0.000000 0.000000 0.000000
980 0.000000 0.000000 0.000000
990 0.000000 0.000000 0.000000
1000 0.000000 0.000000 0.000000
1010 0.000000 0.000000 0.000000
20 1.000000 1.000000 1.000000
30 1.000000 1.000000 1.000000
40 1.000000 1.000000 1.000000
50 1.000000 1.000000 1.000000
60 1.000000 1.000000 1.000000
70 1.000000 1.000000 1.000000
80 1.000000 1.000000 1.000000
90 1.000000 1.000000 1.000000
100 1.000000 1.000000 1.000000
110 1.000000 1.000000 1.000000
120 1.000000 1.000000 1.000000
130 1.000000 1.000000 1.000000
140 1.000000 1.000000 1.000000
150 1.000000 1.000000 1.000000
160 1.000000 1.000000 1.000000
170 1.000000 1.000000 1.000000
180 1.000000 1.000000 1.000000
190 1.000000 1.000000 1.000000
200 1.000000 1.000000 1.000000
210 1.000000 1.000000 1.000000
220 0.986364 0.986364 0.986364
230 0.982609 0.982609 0.982609
240 0.820833 0.820833 0.820833
250 0.848000 0.848000 0.848000
260 0.680769 0.680769 0.680769
270 0.448148 0.448148 0.448148
280 0.585714 0.585714 0.585714
290 0.272414 0.272414 0.272414
300 0.183333 0.183333 0.183333
310 0.167742 0.167742 0.167742
320 0.081250 0.081250 0.081250
330 0.012121 0.012121 0.012121
340 0.026471 0.026471 0.026471
350 0.074286 0.074286 0.074286
360 0.016667 0.016667 0.016667
370 0.002703 0.002703 0.002703
380 0.002632 0.002632 0.002632
390 0.007692 0.007692 0.007692
400 0.000000 0.000000 0.000000
410 0.000000 0.000000 0.000000
420 0.000000 0.000000 0.000000
430 0.000000 0.000000 0.000000
440 0.000000 0.000000 0.000000
450 0.000000 0.000000 0.000000
460 0.002174 0.002174 0.002174
470 0.000000 0.000000 0.000000
480 0.000000 0.000000 0.000000
490 0.000000 0.000000 0.000000
500 0.000000 0.000000 0.000000
510 0.000000 0.000000 0.000000
520 0.000000 0.000000 0.000000
530 0.000000 0.000000 0.000000
540 0.000000 0.000000 0.000000
550 0.000000 0.000000 0.000000
560 0.000000 0.000000 0.000000
570 0.000000 0.000000 0.000000
580 0.000000 0.000000 0.000000
590 0.000000 0.000000 0.000000
600 0.000000 0.000000 0.000000
610 0.000000 0.000000 0.000000
620 0.000000 0.000000 0.000000
630 0.000000 0.000000 0.000000
640 0.000000 0.000000 0.000000
650 0.000000 0.000000 0.000000
660 0.000000 0.000000 0.000000
670 0.000000 0.000000 0.000000
680 0.000000 0.000000 0.000000
690 0.000000 0.000000 0.000000
700 0.000000 0.000000 0.000000
710 0.000000 0.000000 0.000000
720 0.000000 0.000000 0.000000
730 0.000000 0.000000 0.000000
740 0.000000 0.000000 0.000000
750 0.000000 0.000000 0.000000
760 0.000000 0.000000 0.000000
770 0.000000 0.000000 0.000000
780 0.000000 0.000000 0.000000
790 0.000000 0.000000 0.000000
800 0.000000 0.000000 0.000000
810 0.000000 0.000000 0.000000
820 0.000000 0.000000 0.000000
830 0.000000 0.000000 0.000000
840 0.000000 0.000000 0.000000
850 0.000000 0.000000 0.000000
860 0.000000 0.000000 0.000000
870 0.000000 0.000000 0.000000
880 0.000000 0.000000 0.000000
890 0.000000 0.000000 0.000000
900 0.000000 0.000000 0.000000
910 0.000000 0.000000 0.000000
920 0.000000 0.000000 0.000000
930 0.000000 0.000000 0.000000
940 0.000000 0.000000 0.000000
950 0.000000 0.000000 0.000000
960 0.000000 0.000000 0.000000
970 0.000000 0.000000 0.000000
980 0.000000 0.000000 0.000000
990 0.000000 0.000000 0.000000
1000 0.000000 0.000000 0.000000
1010 0.000000 0.000000 0.000000
20 1.000000 1.000000 1.000000
30 1.000000 1.000000 1.000000
40 1.000000 1.000000 1.000000
50 1.000000 1.000000 1.000000
60 1.000000 1.000000 1.000000
70 1.000000 1.000000 1.000000
80 1.000000 1.000000 1.000000
90 1.000000 1.000000 1.000000
100 1.000000 1.000000 1.000000
110 1.000000 1.000000 1.000000
120 1.000000 1.000000 1.000000
130 1.000000 1.000000 1.000000
140 1.000000 1.000000 1.000000
150 1.000000 1.000000 1.000000
160 1.000000 1.000000 1.000000
170 1.000000 1.000000 1.000000
180 1.000000 1.000000 1.000000
190 1.000000 1.000000 1.000000
200 1.000000 1.000000 1.000000
210 1.000000 1.000000 1.000000
220 1.000000 1.000000 1.000000
230 1.000000 1.000000 1.000000
240 1.000000 1.000000 1.000000
250 1.000000 1.000000 1.000000
260 1.000000 1.000000 1.000000
270 1.000000 1.000000 1.000000
280 0.978571 0.978571 0.978571
290 0.982759 0.982759 0.982759
300 1.000000 1.000000 1.000000
310 0.974194 0.974194 0.974194
320 0.859375 0.859375 0.859375
330 0.981818 0.981818 0.981818
340 0.838235 0.838235 0.835294
350 0.854286 0.854286 0.854286
360 0.686111 0.686111 0.686111
370 0.716216 0.716216 0.716216
380 0.492105 0.492105 0.492105
390 0.410256 0.410256 0.410256
400 0.185000 0.182500 0.182500
410 0.348780 0.348780 0.348780
420 0.111905 0.111905 0.111905
430 0.120930 0.120930 0.120930
440 0.061364 0.061364 0.061364
450 0.204444 0.204444 0.204444
460 0.121739 0.121739 0.121739
470 0.102128 0.102128 0.102128
480 0.054167 0.054167 0.054167
490 0.010204 0.010204 0.010204
500 0.038000 0.038000 0.038000
510 0.005882 0.005882 0.005882
520 0.005769 0.005769 0.005769
530 0.024528 0.024528 0.024528
540 0.007407 0.007407 0.007407
550 0.009091 0.009091 0.009091
560 0.001786 0.001786 0.001786
570 0.000000 0.000000 0.000000
580 0.008621 0.008621 0.008621
590 0.000000 0.000000 0.000000
600 0.001667 0.001667 0.001667
610 0.000000 0.000000 0.000000
620 0.000000 0.000000 0.000000
630 0.000000 0.000000 0.000000
640 0.000000 0.000000 0.000000
650 0.000000 0.000000 0.000000
660 0.000000 0.000000 0.000000
670 0.000000 0.000000 0.000000
680 0.000000 0.000000 0.000000
690 0.000000 0.000000 0.000000
700 0.000000 0.000000 0.000000
710 0.000000 0.000000 0.000000
720 0.000000 0.000000 0.000000
730 0.000000 0.000000 0.000000
740 0.000000 0.000000 0.000000
750 0.000000 0.000000 0.000000
760 0.000000 0.000000 0.000000
770 0.000000 0.000000 0.000000
780 0.000000 0.000000 0.000000
790 0.000000 0.000000 0.000000
800 0.000000 0.000000 0.000000
810 0.000000 0.000000 0.000000
820 0.000000 0.000000 0.000000
830 0.000000 0.000000 0.000000
840 0.000000 0.000000 0.000000
850 0.000000 0.000000 0.000000
860 0.000000 0.000000 0.000000
870 0.000000 0.000000 0.000000
880 0.000000 0.000000 0.000000
890 0.000000 0.000000 0.000000
900 0.000000 0.000000 0.000000
910 0.000000 0.000000 0.000000
920 0.000000 0.000000 0.000000
930 0.000000 0.000000 0.000000
940 0.000000 0.000000 0.000000
950 0.000000 0.000000 0.000000
960 0.000000 0.000000 0.000000
970 0.000000 0.000000 0.000000
980 0.000000 0.000000 0.000000
990 0.000000 0.000000 0.000000
1000 0.000000 0.000000 0.000000
1010 0.000000 0.000000 0.000000
