10 1.000000 1.000000 1.000000
20 1.000000 1.000000 1.000000
30 1.000000 1.000000 1.000000
40 1.000000 1.000000 0.925000
50 1.000000 1.000000 0.880000
60 0.950000 0.916667 0.616667
70 0.914286 0.900000 0.571429
80 0.837500 0.775000 0.337500
90 0.733333 0.622222 0.144444
100 0.440000 0.340000 0.030000
110 0.281818 0.200000 0.009091
120 0.175000 0.083333 0.000000
130 0.053846 0.015385 0.000000
140 0.014286 0.000000 0.000000
150 0.013333 0.006667 0.000000
160 0.000000 0.000000 0.000000
170 0.000000 0.000000 0.000000
180 0.000000 0.000000 0.000000
190 0.000000 0.000000 0.000000
200 0.000000 0.000000 0.000000
210 0.000000 0.000000 0.000000
220 0.000000 0.000000 0.000000
230 0.000000 0.000000 0.000000
240 0.000000 0.000000 0.000000
250 0.000000 0.000000 0.000000
260 0.000000 0.000000 0.000000
270 0.000000 0.000000 0.000000
280 0.000000 0.000000 0.000000
290 0.000000 0.000000 0.000000
300 0.000000 0.000000 0.000000
310 0.000000 0.000000 0.000000
320 0.000000 0.000000 0.000000
330 0.000000 0.000000 0.000000
340 0.000000 0.000000 0.000000
350 0.000000 0.000000 0.000000
360 0.000000 0.000000 0.000000
370 0.000000 0.000000 0.000000
380 0.000000 0.000000 0.000000
390 0.000000 0.000000 0.000000
400 0.000000 0.000000 0.000000
410 0.000000 0.000000 0.000000
420 0.000000 0.000000 0.000000
430 0.000000 0.000000 0.000000
440 0.000000 0.000000 0.000000
450 0.000000 0.000000 0.000000
460 0.000000 0.000000 0.000000
470 0.000000 0.000000 0.000000
480 0.000000 0.000000 0.000000
490 0.000000 0.000000 0.000000
500 0.000000 0.000000 0.000000
510 0.000000 0.000000 0.000000
520 0.000000 0.000000 0.000000
530 0.000000 0.000000 0.000000
540 0.000000 0.000000 0.000000
550 0.000000 0.000000 0.000000
560 0.000000 0.000000 0.000000
570 0.000000 0.000000 0.000000
580 0.000000 0.000000 0.000000
590 0.000000 0.000000 0.000000
600 0.000000 0.000000 0.000000
610 0.000000 0.000000 0.000000
620 0.000000 0.000000 0.000000
630 0.000000 0.000000 0.000000
640 0.000000 0.000000 0.000000
650 0.000000 0.000000 0.000000
660 0.000000 0.000000 0.000000
670 0.000000 0.000000 0.000000
680 0.000000 0.000000 0.000000
690 0.000000 0.000000 0.000000
700 0.000000 0.000000 0.000000
710 0.000000 0.000000 0.000000
720 0.000000 0.000000 0.000000
730 0.000000 0.000000 0.000000
740 0.000000 0.000000 0.000000
750 0.000000 0.000000 0.000000
760 0.000000 0.000000 0.000000
770 0.000000 0.000000 0.000000
780 0.000000 0.000000 0.000000
790 0.000000 0.000000 0.000000
800 0.000000 0.000000 0.000000
810 0.000000 0.000000 0.000000
820 0.000000 0.000000 0.000000
830 0.000000 0.000000 0.000000
840 0.000000 0.000000 0.000000
850 0.000000 0.000000 0.000000
860 0.000000 0.000000 0.000000
870 0.000000 0.000000 0.000000
880 0.000000 0.000000 0.000000
890 0.000000 0.000000 0.000000
900 0.000000 0.000000 0.000000
910 0.000000 0.000000 0.000000
920 0.000000 0.000000 0.000000
930 0.000000 0.000000 0.000000
940 0.000000 0.000000 0.000000
950 0.000000 0.000000 0.000000
960 0.000000 0.000000 0.000000
970 0.000000 0.000000 0.000000
980 0.000000 0.000000 0.000000
990 0.000000 0.000000 0.000000
1000 0.000000 0.000000 0.000000
10 1.000000 1.000000 1.000000
20 1.000000 1.000000 1.000000
30 1.000000 1.000000 1.000000
40 1.000000 1.000000 1.000000
50 1.000000 1.000000 1.000000
60 0.983333 0.983333 0.983333
70 1.000000 1.000000 1.000000
80 1.000000 1.000000 1.000000
90 1.000000 1.000000 1.000000
100 1.000000 1.000000 1.000000
110 1.000000 1.000000 1.000000
120 0.991667 0.991667 0.991667
130 1.000000 1.000000 1.000000
140 1.000000 1.000000 1.000000
150 1.000000 1.000000 1.000000
160 1.000000 1.000000 1.000000
170 1.000000 1.000000 1.000000
180 1.000000 1.000000 0.988889
190 1.000000 1.000000 1.000000
200 1.000000 1.000000 0.985000
210 1.000000 1.000000 0.985714
220 1.000000 1.000000 0.968182
230 1.000000 1.000000 0.947826
240 0.991667 0.991667 0.850000
250 1.000000 0.996000 0.860000
260 0.996154 0.984615 0.780769
270 0.996296 0.985185 0.681481
280 0.985714 0.953571 0.592857
290 0.931034 0.882759 0.482759
300 0.810000 0.716667 0.236667
310 0.570968 0.493548 0.151613
320 0.593750 0.446875 0.118750
330 0.375758 0.269697 0.048485
340 0.226471 0.167647 0.020588
350 0.171429 0.111429 0.014286
360 0.044444 0.016667 0.000000
370 0.043243 0.016216 0.000000
380 0.007895 0.002632 0.000000
390 0.002564 0.002564 0.000000
400 0.000000 0.000000 0.000000
410 0.002439 0.002439 0.000000
420 0.000000 0.000000 0.000000
430 0.000000 0.000000 0.000000
440 0.000000 0.000000 0.000000
450 0.000000 0.000000 0.000000
460 0.000000 0.000000 0.000000
470 0.000000 0.000000 0.000000
480 0.000000 0.000000 0.000000
490 0.000000 0.000000 0.000000
500 0.000000 0.000000 0.000000
510 0.000000 0.000000 0.000000
520 0.000000 0.000000 0.000000
530 0.000000 0.000000 0.000000
540 0.000000 0.000000 0.000000
550 0.000000 0.000000 0.000000
560 0.000000 0.000000 0.000000
570 0.000000 0.000000 0.000000
580 0.000000 0.000000 0.000000
590 0.000000 0.000000 0.000000
600 0.000000 0.000000 0.000000
610 0.000000 0.000000 0.000000
620 0.000000 0.000000 0.000000
630 0.000000 0.000000 0.000000
640 0.000000 0.000000 0.000000
650 0.000000 0.000000 0.000000
660 0.000000 0.000000 0.000000
670 0.000000 0.000000 0.000000
680 0.000000 0.000000 0.000000
690 0.000000 0.000000 0.000000
700 0.000000 0.000000 0.000000
710 0.000000 0.000000 0.000000
720 0.000000 0.000000 0.000000
730 0.000000 0.000000 0.000000
740 0.000000 0.000000 0.000000
750 0.000000 0.000000 0.000000
760 0.000000 0.000000 0.000000
770 0.000000 0.000000 0.000000
780 0.000000 0.000000 0.000000
790 0.000000 0.000000 0.000000
800 0.000000 0.000000 0.000000
810 0.000000 0.000000 0.000000
820 0.000000 0.000000 0.000000
830 0.000000 0.000000 0.000000
840 0.000000 0.000000 0.000000
850 0.000000 0.000000 0.000000
860 0.000000 0.000000 0.000000
870 0.000000 0.000000 0.000000
880 0.000000 0.000000 0.000000
890 0.000000 0.000000 0.000000
900 0.000000 0.000000 0.000000
910 0.000000 0.000000 0.000000
920 0.000000 0.000000 0.000000
930 0.000000 0.000000 0.000000
940 0.000000 0.000000 0.000000
950 0.000000 0.000000 0.000000
960 0.000000 0.000000 0.000000
970 0.000000 0.000000 0.000000
980 0.000000 0.000000 0.000000
990 0.000000 0.000000 0.000000
1000 0.000000 0.000000 0.000000
10 1.000000 1.000000 1.000000
20 1.000000 1.000000 1.000000
30 1.000000 1.000000 1.000000
40 1.000000 1.000000 1.000000
50 1.000000 1.000000 1.000000
60 1.000000 1.000000 1.000000
70 1.000000 1.000000 1.000000
80 1.000000 1.000000 1.000000
90 1.000000 1.000000 1.000000
100 1.000000 1.000000 1.000000
110 0.990909 0.990909 0.990909
120 1.000000 1.000000 1.000000
130 1.000000 1.000000 1.000000
140 1.000000 1.000000 1.000000
150 1.000000 1.000000 1.000000
160 1.000000 1.000000 1.000000
170 1.000000 1.000000 1.000000
180 1.000000 1.000000 1.000000
190 1.000000 1.000000 1.000000
200 1.000000 1.000000 1.000000
210 1.000000 1.000000 1.000000
220 1.000000 1.000000 1.000000
230 1.000000 1.000000 1.000000
240 1.000000 1.000000 1.000000
250 1.000000 1.000000 1.000000
260 1.000000 1.000000 1.000000
270 1.000000 1.000000 1.000000
280 1.000000 1.000000 1.000000
290 1.000000 1.000000 1.000000
300 1.000000 1.000000 1.000000
310 1.000000 1.000000 1.000000
320 1.000000 1.000000 1.000000
330 1.000000 1.000000 1.000000
340 1.000000 1.000000 1.000000
350 1.000000 1.000000 1.000000
360 1.000000 1.000000 1.000000
370 0.997297 0.997297 0.994595
380 0.997368 0.997368 0.994737
390 0.997436 0.997436 0.994872
400 1.000000 1.000000 0.990000
410 0.997561 0.995122 0.987805
420 0.983333 0.983333 0.964286
430 0.890698 0.881395 0.846512
440 0.952273 0.943182 0.884091
450 0.942222 0.942222 0.891111
460 0.839130 0.832609 0.765217
470 0.644681 0.629787 0.546809
480 0.416667 0.404167 0.308333
490 0.295918 0.283673 0.200000
500 0.272000 0.258000 0.202000
510 0.280392 0.260784 0.180392
520 0.140385 0.126923 0.084615
530 0.109434 0.101887 0.066038
540 0.040741 0.037037 0.018519
550 0.074545 0.069091 0.040000
560 0.033929 0.030357 0.012500
570 0.005263 0.003509 0.001754
580 0.020690 0.017241 0.010345
590 0.003390 0.001695 0.001695
600 0.001667 0.001667 0.000000
610 0.003279 0.001639 0.001639
620 0.000000 0.000000 0.000000
630 0.001587 0.001587 0.000000
640 0.000000 0.000000 0.000000
650 0.000000 0.000000 0.000000
660 0.000000 0.000000 0.000000
670 0.000000 0.000000 0.000000
680 0.000000 0.000000 0.000000
690 0.000000 0.000000 0.000000
700 0.000000 0.000000 0.000000
710 0.000000 0.000000 0.000000
720 0.000000 0.000000 0.000000
730 0.000000 0.000000 0.000000
740 0.000000 0.000000 0.000000
750 0.000000 0.000000 0.000000
760 0.000000 0.000000 0.000000
770 0.000000 0.000000 0.000000
780 0.000000 0.000000 0.000000
790 0.000000 0.000000 0.000000
800 0.000000 0.000000 0.000000
810 0.000000 0.000000 0.000000
820 0.000000 0.000000 0.000000
830 0.000000 0.000000 0.000000
840 0.000000 0.000000 0.000000
850 0.000000 0.000000 0.000000
860 0.000000 0.000000 0.000000
870 0.000000 0.000000 0.000000
880 0.000000 0.000000 0.000000
890 0.000000 0.000000 0.000000
900 0.000000 0.000000 0.000000
910 0.000000 0.000000 0.000000
920 0.000000 0.000000 0.000000
930 0.000000 0.000000 0.000000
940 0.000000 0.000000 0.000000
950 0.000000 0.000000 0.000000
960 0.000000 0.000000 0.000000
970 0.000000 0.000000 0.000000
980 0.000000 0.000000 0.000000
990 0.000000 0.000000 0.000000
1000 0.000000 0.000000 0.000000
10 1.000000 1.000000 1.000000
20 1.000000 1.000000 1.000000
30 1.000000 1.000000 1.000000
40 1.000000 1.000000 1.000000
50 1.000000 1.000000 1.000000
60 0.983333 0.983333 0.983333
70 1.000000 1.000000 1.000000
80 1.000000 1.000000 1.000000
90 1.000000 1.000000 1.000000
100 1.000000 1.000000 1.000000
110 0.990909 0.990909 0.990909
120 1.000000 1.000000 1.000000
130 1.000000 1.000000 1.000000
140 1.000000 1.000000 1.000000
150 1.000000 1.000000 1.000000
160 1.000000 1.000000 1.000000
170 1.000000 1.000000 1.000000
180 1.000000 1.000000 1.000000
190 1.000000 1.000000 1.000000
200 1.000000 1.000000 1.000000
210 1.000000 1.000000 1.000000
220 1.000000 1.000000 1.000000
230 1.000000 1.000000 1.000000
240 0.995833 0.995833 0.995833
250 1.000000 1.000000 1.000000
260 1.000000 1.000000 1.000000
270 1.000000 1.000000 1.000000
280 0.996429 0.996429 0.996429
290 0.996552 0.996552 0.996552
300 1.000000 1.000000 1.000000
310 0.996774 0.996774 0.996774
320 1.000000 1.000000 1.000000
330 0.996970 0.996970 0.996970
340 1.000000 1.000000 1.000000
350 1.000000 1.000000 1.000000
360 1.000000 1.000000 1.000000
370 1.000000 1.000000 1.000000
380 1.000000 1.000000 1.000000
390 0.997436 0.997436 0.997436
400 0.997500 0.997500 0.997500
410 1.000000 1.000000 1.000000
420 1.000000 1.000000 1.000000
430 1.000000 1.000000 1.000000
440 1.000000 1.000000 1.000000
450 1.000000 1.000000 1.000000
460 1.000000 1.000000 1.000000
470 1.000000 1.000000 1.000000
480 1.000000 1.000000 1.000000
490 0.997959 0.997959 0.997959
500 1.000000 1.000000 1.000000
510 1.000000 1.000000 1.000000
520 1.000000 1.000000 1.000000
530 0.994340 0.994340 0.992453
540 0.988889 0.988889 0.987037
550 0.985455 0.985455 0.981818
560 0.996429 0.994643 0.991071
570 0.970175 0.970175 0.968421
580 1.000000 1.000000 1.000000
590 0.879661 0.871186 0.857627
600 0.868333 0.866667 0.850000
610 0.809836 0.803279 0.791803
620 0.904839 0.895161 0.875806
630 0.652381 0.642857 0.625397
640 0.721875 0.718750 0.690625
650 0.453846 0.441538 0.420000
660 0.231818 0.224242 0.212121
670 0.316418 0.314925 0.307463
680 0.275000 0.273529 0.257353
690 0.247826 0.242029 0.228986
700 0.201429 0.201429 0.188571
710 0.136620 0.133803 0.125352
720 0.101389 0.100000 0.093056
730 0.094521 0.090411 0.084932
740 0.035135 0.035135 0.028378
750 0.044000 0.044000 0.040000
760 0.011842 0.011842 0.011842
770 0.009091 0.009091 0.009091
780 0.012821 0.012821 0.011538
790 0.000000 0.000000 0.000000
800 0.003750 0.003750 0.002500
810 0.007407 0.007407 0.006173
820 0.000000 0.000000 0.000000
830 0.000000 0.000000 0.000000
840 0.000000 0.000000 0.000000
850 0.000000 0.000000 0.000000
860 0.001163 0.001163 0.001163
870 0.000000 0.000000 0.000000
880 0.000000 0.000000 0.000000
890 0.000000 0.000000 0.000000
900 0.000000 0.000000 0.000000
910 0.000000 0.000000 0.000000
920 0.000000 0.000000 0.000000
930 0.000000 0.000000 0.000000
940 0.000000 0.000000 0.000000
950 0.000000 0.000000 0.000000
960 0.000000 0.000000 0.000000
970 0.000000 0.000000 0.000000
980 0.000000 0.000000 0.000000
990 0.000000 0.000000 0.000000
1000 0.000000 0.000000 0.000000
10 1.000000 1.000000 1.000000
20 1.000000 1.000000 1.000000
30 1.000000 1.000000 1.000000
40 1.000000 1.000000 1.000000
50 0.980000 0.980000 0.980000
60 1.000000 1.000000 1.000000
70 0.985714 0.985714 0.985714
80 1.000000 1.000000 1.000000
90 1.000000 1.000000 1.000000
100 1.000000 1.000000 1.000000
110 1.000000 1.000000 1.000000
120 1.000000 1.000000 1.000000
130 1.000000 1.000000 1.000000
140 1.000000 1.000000 1.000000
150 1.000000 1.000000 1.000000
160 1.000000 1.000000 1.000000
170 1.000000 1.000000 1.000000
180 1.000000 1.000000 1.000000
190 1.000000 1.000000 1.000000
200 1.000000 1.000000 1.000000
210 1.000000 1.000000 1.000000
220 1.000000 1.000000 1.000000
230 1.000000 1.000000 1.000000
240 0.991667 0.991667 0.991667
250 0.996000 0.996000 0.996000
260 1.000000 1.000000 1.000000
270 1.000000 1.000000 1.000000
280 0.996429 0.996429 0.996429
290 1.000000 1.000000 1.000000
300 1.000000 1.000000 1.000000
310 1.000000 1.000000 1.000000
320 1.000000 1.000000 1.000000
330 1.000000 1.000000 1.000000
340 1.000000 1.000000 1.000000
350 0.997143 0.997143 0.997143
360 1.000000 1.000000 1.000000
370 1.000000 1.000000 1.000000
380 1.000000 1.000000 1.000000
390 1.000000 1.000000 1.000000
400 1.000000 1.000000 1.000000
410 0.997561 0.997561 0.997561
420 1.000000 1.000000 1.000000
430 1.000000 1.000000 1.000000
440 1.000000 1.000000 1.000000
450 0.997778 0.997778 0.997778
460 1.000000 1.000000 1.000000
470 0.995745 0.995745 0.995745
480 1.000000 1.000000 1.000000
490 0.995918 0.995918 0.995918
500 1.000000 1.000000 1.000000
510 0.998039 0.998039 0.998039
520 1.000000 1.000000 1.000000
530 1.000000 1.000000 1.000000
540 1.000000 1.000000 1.000000
550 1.000000 1.000000 1.000000
560 1.000000 1.000000 1.000000
570 1.000000 1.000000 1.000000
580 1.000000 1.000000 1.000000
590 0.996610 0.996610 0.996610
600 0.996667 0.996667 0.996667
610 1.000000 1.000000 1.000000
620 1.000000 1.000000 1.000000
630 1.000000 1.000000 1.000000
640 1.000000 1.000000 1.000000
650 1.000000 1.000000 1.000000
660 1.000000 1.000000 1.000000
670 1.000000 1.000000 1.000000
680 1.000000 1.000000 1.000000
690 1.000000 1.000000 1.000000
700 0.978571 0.978571 0.978571
710 0.978873 0.978873 0.977465
720 0.969444 0.969444 0.969444
730 0.961644 0.961644 0.960274
740 0.944595 0.940541 0.937838
750 0.952000 0.952000 0.940000
760 0.865789 0.863158 0.859211
770 0.871429 0.870130 0.863636
780 0.692308 0.689744 0.680769
790 0.687342 0.682278 0.677215
800 0.625000 0.623750 0.616250
810 0.490123 0.490123 0.481481
820 0.470732 0.467073 0.460976
830 0.495181 0.492771 0.481928
840 0.350000 0.345238 0.338095
850 0.400000 0.394118 0.389412
860 0.274419 0.273256 0.273256
870 0.336782 0.334483 0.333333
880 0.172727 0.170455 0.167045
890 0.330337 0.323596 0.317978
900 0.103333 0.100000 0.098889
910 0.076923 0.075824 0.075824
920 0.136957 0.135870 0.133696
930 0.062366 0.061290 0.061290
940 0.024468 0.024468 0.023404
950 0.065263 0.064211 0.062105
960 0.014583 0.013542 0.013542
970 0.016495 0.016495 0.016495
980 0.008163 0.008163 0.007143
990 0.016162 0.016162 0.016162
1000 0.005000 0.005000 0.005000
