20 1.000000 1.000000 1.000000
21 1.000000 1.000000 1.000000
22 1.000000 1.000000 1.000000
23 1.000000 1.000000 1.000000
24 1.000000 1.000000 0.958333
25 1.000000 1.000000 1.000000
26 1.000000 1.000000 0.961538
27 1.000000 1.000000 1.000000
28 1.000000 1.000000 1.000000
29 1.000000 1.000000 1.000000
30 1.000000 1.000000 0.966667
31 1.000000 1.000000 1.000000
32 1.000000 1.000000 1.000000
33 1.000000 1.000000 0.969697
34 1.000000 1.000000 1.000000
35 1.000000 1.000000 1.000000
36 1.000000 1.000000 0.944444
37 1.000000 1.000000 0.972973
38 1.000000 1.000000 0.973684
39 1.000000 1.000000 1.000000
40 1.000000 1.000000 0.925000
41 1.000000 1.000000 0.975610
42 0.976190 0.976190 0.952381
43 1.000000 1.000000 0.906977
44 1.000000 1.000000 0.954545
45 0.977778 0.977778 0.866667
46 1.000000 0.978261 0.934783
47 1.000000 1.000000 0.893617
48 1.000000 1.000000 0.833333
49 0.979592 0.979592 0.938776
50 0.980000 0.980000 0.940000
51 0.960784 0.921569 0.745098
52 0.980769 0.980769 0.788462
53 1.000000 0.981132 0.905660
54 0.944444 0.944444 0.851852
55 1.000000 0.981818 0.781818
56 1.000000 0.982143 0.875000
57 0.982456 0.964912 0.736842
58 0.965517 0.965517 0.862069
59 0.966102 0.966102 0.762712
60 0.983333 0.966667 0.800000
61 0.918033 0.868852 0.688525
62 0.903226 0.854839 0.741935
63 0.952381 0.920635 0.761905
64 0.921875 0.906250 0.734375
65 0.938462 0.892308 0.600000
66 0.969697 0.939394 0.787879
67 0.880597 0.820896 0.641791
68 0.882353 0.852941 0.529412
69 0.869565 0.811594 0.579710
70 0.885714 0.857143 0.614286
71 0.915493 0.859155 0.647887
72 0.888889 0.847222 0.541667
73 0.835616 0.780822 0.602740
74 0.945946 0.878378 0.513514
75 0.866667 0.826667 0.506667
76 0.842105 0.776316 0.394737
77 0.818182 0.805195 0.441558
78 0.846154 0.807692 0.500000
79 0.822785 0.784810 0.329114
80 0.900000 0.850000 0.437500
81 0.790123 0.728395 0.419753
82 0.792683 0.707317 0.353659
83 0.795181 0.686747 0.301205
84 0.785714 0.726190 0.380952
85 0.717647 0.694118 0.258824
86 0.662791 0.569767 0.302326
87 0.678161 0.597701 0.275862
88 0.704545 0.636364 0.250000
89 0.674157 0.617978 0.269663
90 0.777778 0.655556 0.255556
91 0.648352 0.593407 0.252747
92 0.717391 0.586957 0.250000
93 0.709677 0.580645 0.236559
94 0.734043 0.606383 0.265957
95 0.589474 0.484211 0.200000
96 0.666667 0.552083 0.166667
97 0.639175 0.536082 0.195876
98 0.602041 0.469388 0.153061
99 0.555556 0.494949 0.171717
20 0.850000 0.850000 0.850000
21 1.000000 1.000000 0.904762
22 0.909091 0.909091 0.727273
23 0.739130 0.739130 0.608696
24 0.708333 0.666667 0.416667
25 0.600000 0.560000 0.400000
26 0.615385 0.576923 0.307692
27 0.703704 0.629630 0.518519
28 0.642857 0.607143 0.392857
29 0.310345 0.310345 0.137931
30 0.166667 0.166667 0.033333
31 0.161290 0.161290 0.096774
32 0.281250 0.281250 0.062500
33 0.242424 0.242424 0.060606
34 0.088235 0.058824 0.029412
35 0.142857 0.142857 0.028571
36 0.194444 0.166667 0.027778
37 0.135135 0.108108 0.027027
38 0.000000 0.000000 0.000000
39 0.000000 0.000000 0.000000
40 0.075000 0.050000 0.000000
41 0.048780 0.048780 0.024390
42 0.023810 0.023810 0.000000
43 0.023256 0.023256 0.000000
44 0.045455 0.022727 0.000000
45 0.022222 0.022222 0.000000
46 0.021739 0.021739 0.000000
47 0.042553 0.042553 0.000000
48 0.020833 0.020833 0.000000
49 0.020408 0.000000 0.000000
50 0.020000 0.020000 0.000000
51 0.000000 0.000000 0.000000
52 0.019231 0.019231 0.000000
53 0.000000 0.000000 0.000000
54 0.000000 0.000000 0.000000
55 0.000000 0.000000 0.000000
56 0.017857 0.017857 0.000000
57 0.000000 0.000000 0.000000
58 0.000000 0.000000 0.000000
59 0.000000 0.000000 0.000000
60 0.016667 0.000000 0.000000
61 0.000000 0.000000 0.000000
62 0.000000 0.000000 0.000000
63 0.015873 0.000000 0.000000
64 0.000000 0.000000 0.000000
65 0.000000 0.000000 0.000000
66 0.000000 0.000000 0.000000
67 0.000000 0.000000 0.000000
68 0.000000 0.000000 0.000000
69 0.000000 0.000000 0.000000
70 0.000000 0.000000 0.000000
71 0.000000 0.000000 0.000000
72 0.000000 0.000000 0.000000
73 0.000000 0.000000 0.000000
74 0.000000 0.000000 0.000000
75 0.000000 0.000000 0.000000
76 0.000000 0.000000 0.000000
77 0.000000 0.000000 0.000000
78 0.000000 0.000000 0.000000
79 0.000000 0.000000 0.000000
80 0.000000 0.000000 0.000000
81 0.000000 0.000000 0.000000
82 0.000000 0.000000 0.000000
83 0.000000 0.000000 0.000000
84 0.000000 0.000000 0.000000
85 0.000000 0.000000 0.000000
86 0.000000 0.000000 0.000000
87 0.000000 0.000000 0.000000
88 0.000000 0.000000 0.000000
89 0.000000 0.000000 0.000000
90 0.000000 0.000000 0.000000
91 0.000000 0.000000 0.000000
92 0.000000 0.000000 0.000000
93 0.000000 0.000000 0.000000
94 0.000000 0.000000 0.000000
95 0.000000 0.000000 0.000000
96 0.000000 0.000000 0.000000
97 0.000000 0.000000 0.000000
98 0.000000 0.000000 0.000000
99 0.000000 0.000000 0.000000
20 0.000000 0.000000 0.000000
21 0.000000 0.000000 0.000000
22 0.000000 0.000000 0.000000
23 0.000000 0.000000 0.000000
24 0.000000 0.000000 0.000000
25 0.000000 0.000000 0.000000
26 0.000000 0.000000 0.000000
27 0.000000 0.000000 0.000000
28 0.000000 0.000000 0.000000
29 0.000000 0.000000 0.000000
30 0.000000 0.000000 0.000000
31 0.000000 0.000000 0.000000
32 0.000000 0.000000 0.000000
33 0.000000 0.000000 0.000000
34 0.000000 0.000000 0.000000
35 0.000000 0.000000 0.000000
36 0.000000 0.000000 0.000000
37 0.000000 0.000000 0.000000
38 0.000000 0.000000 0.000000
39 0.000000 0.000000 0.000000
40 0.000000 0.000000 0.000000
41 0.000000 0.000000 0.000000
42 0.000000 0.000000 0.000000
43 0.000000 0.000000 0.000000
44 0.000000 0.000000 0.000000
45 0.000000 0.000000 0.000000
46 0.000000 0.000000 0.000000
47 0.000000 0.000000 0.000000
48 0.000000 0.000000 0.000000
49 0.000000 0.000000 0.000000
50 0.000000 0.000000 0.000000
51 0.000000 0.000000 0.000000
52 0.000000 0.000000 0.000000
53 0.000000 0.000000 0.000000
54 0.000000 0.000000 0.000000
55 0.000000 0.000000 0.000000
56 0.000000 0.000000 0.000000
57 0.000000 0.000000 0.000000
58 0.000000 0.000000 0.000000
59 0.000000 0.000000 0.000000
60 0.000000 0.000000 0.000000
61 0.000000 0.000000 0.000000
62 0.000000 0.000000 0.000000
63 0.000000 0.000000 0.000000
64 0.000000 0.000000 0.000000
65 0.000000 0.000000 0.000000
66 0.000000 0.000000 0.000000
67 0.000000 0.000000 0.000000
68 0.000000 0.000000 0.000000
69 0.000000 0.000000 0.000000
70 0.000000 0.000000 0.000000
71 0.000000 0.000000 0.000000
72 0.000000 0.000000 0.000000
73 0.000000 0.000000 0.000000
74 0.000000 0.000000 0.000000
75 0.000000 0.000000 0.000000
76 0.000000 0.000000 0.000000
77 0.000000 0.000000 0.000000
78 0.000000 0.000000 0.000000
79 0.000000 0.000000 0.000000
80 0.000000 0.000000 0.000000
81 0.000000 0.000000 0.000000
82 0.000000 0.000000 0.000000
83 0.000000 0.000000 0.000000
84 0.000000 0.000000 0.000000
85 0.000000 0.000000 0.000000
86 0.000000 0.000000 0.000000
87 0.000000 0.000000 0.000000
88 0.000000 0.000000 0.000000
89 0.000000 0.000000 0.000000
90 0.000000 0.000000 0.000000
91 0.000000 0.000000 0.000000
92 0.000000 0.000000 0.000000
93 0.000000 0.000000 0.000000
94 0.000000 0.000000 0.000000
95 0.000000 0.000000 0.000000
96 0.000000 0.000000 0.000000
97 0.000000 0.000000 0.000000
98 0.000000 0.000000 0.000000
99 0.000000 0.000000 0.000000
20 0.000000 0.000000 0.000000
21 0.000000 0.000000 0.000000
22 0.000000 0.000000 0.000000
23 0.000000 0.000000 0.000000
24 0.000000 0.000000 0.000000
25 0.000000 0.000000 0.000000
26 0.000000 0.000000 0.000000
27 0.000000 0.000000 0.000000
28 0.000000 0.000000 0.000000
29 0.000000 0.000000 0.000000
30 0.000000 0.000000 0.000000
31 0.000000 0.000000 0.000000
32 0.000000 0.000000 0.000000
33 0.000000 0.000000 0.000000
34 0.000000 0.000000 0.000000
35 0.000000 0.000000 0.000000
36 0.000000 0.000000 0.000000
37 0.000000 0.000000 0.000000
38 0.000000 0.000000 0.000000
39 0.000000 0.000000 0.000000
40 0.000000 0.000000 0.000000
41 0.000000 0.000000 0.000000
42 0.000000 0.000000 0.000000
43 0.000000 0.000000 0.000000
44 0.000000 0.000000 0.000000
45 0.000000 0.000000 0.000000
46 0.000000 0.000000 0.000000
47 0.000000 0.000000 0.000000
48 0.000000 0.000000 0.000000
49 0.000000 0.000000 0.000000
50 0.000000 0.000000 0.000000
51 0.000000 0.000000 0.000000
52 0.000000 0.000000 0.000000
53 0.000000 0.000000 0.000000
54 0.000000 0.000000 0.000000
55 0.000000 0.000000 0.000000
56 0.000000 0.000000 0.000000
57 0.000000 0.000000 0.000000
58 0.000000 0.000000 0.000000
59 0.000000 0.000000 0.000000
60 0.000000 0.000000 0.000000
61 0.000000 0.000000 0.000000
62 0.000000 0.000000 0.000000
63 0.000000 0.000000 0.000000
64 0.000000 0.000000 0.000000
65 0.000000 0.000000 0.000000
66 0.000000 0.000000 0.000000
67 0.000000 0.000000 0.000000
68 0.000000 0.000000 0.000000
69 0.000000 0.000000 0.000000
70 0.000000 0.000000 0.000000
71 0.000000 0.000000 0.000000
72 0.000000 0.000000 0.000000
73 0.000000 0.000000 0.000000
74 0.000000 0.000000 0.000000
75 0.000000 0.000000 0.000000
76 0.000000 0.000000 0.000000
77 0.000000 0.000000 0.000000
78 0.000000 0.000000 0.000000
79 0.000000 0.000000 0.000000
80 0.000000 0.000000 0.000000
81 0.000000 0.000000 0.000000
82 0.000000 0.000000 0.000000
83 0.000000 0.000000 0.000000
84 0.000000 0.000000 0.000000
85 0.000000 0.000000 0.000000
86 0.000000 0.000000 0.000000
87 0.000000 0.000000 0.000000
88 0.000000 0.000000 0.000000
89 0.000000 0.000000 0.000000
90 0.000000 0.000000 0.000000
91 0.000000 0.000000 0.000000
92 0.000000 0.000000 0.000000
93 0.000000 0.000000 0.000000
94 0.000000 0.000000 0.000000
95 0.000000 0.000000 0.000000
96 0.000000 0.000000 0.000000
97 0.000000 0.000000 0.000000
98 0.000000 0.000000 0.000000
99 0.000000 0.000000 0.000000
20 0.000000 0.000000 0.000000
21 0.000000 0.000000 0.000000
22 0.000000 0.000000 0.000000
23 0.000000 0.000000 0.000000
24 0.000000 0.000000 0.000000
25 0.000000 0.000000 0.000000
26 0.000000 0.000000 0.000000
27 0.000000 0.000000 0.000000
28 0.000000 0.000000 0.000000
29 0.000000 0.000000 0.000000
30 0.000000 0.000000 0.000000
31 0.000000 0.000000 0.000000
32 0.000000 0.000000 0.000000
33 0.000000 0.000000 0.000000
34 0.000000 0.000000 0.000000
35 0.000000 0.000000 0.000000
36 0.000000 0.000000 0.000000
37 0.000000 0.000000 0.000000
38 0.000000 0.000000 0.000000
39 0.000000 0.000000 0.000000
40 0.000000 0.000000 0.000000
41 0.000000 0.000000 0.000000
42 0.000000 0.000000 0.000000
43 0.000000 0.000000 0.000000
44 0.000000 0.000000 0.000000
45 0.000000 0.000000 0.000000
46 0.000000 0.000000 0.000000
47 0.000000 0.000000 0.000000
48 0.000000 0.000000 0.000000
49 0.000000 0.000000 0.000000
50 0.000000 0.000000 0.000000
51 0.000000 0.000000 0.000000
52 0.000000 0.000000 0.000000
53 0.000000 0.000000 0.000000
54 0.000000 0.000000 0.000000
55 0.000000 0.000000 0.000000
56 0.000000 0.000000 0.000000
57 0.000000 0.000000 0.000000
58 0.000000 0.000000 0.000000
59 0.000000 0.000000 0.000000
60 0.000000 0.000000 0.000000
61 0.000000 0.000000 0.000000
62 0.000000 0.000000 0.000000
63 0.000000 0.000000 0.000000
64 0.000000 0.000000 0.000000
65 0.000000 0.000000 0.000000
66 0.000000 0.000000 0.000000
67 0.000000 0.000000 0.000000
68 0.000000 0.000000 0.000000
69 0.000000 0.000000 0.000000
70 0.000000 0.000000 0.000000
71 0.000000 0.000000 0.000000
72 0.000000 0.000000 0.000000
73 0.000000 0.000000 0.000000
74 0.000000 0.000000 0.000000
75 0.000000 0.000000 0.000000
76 0.000000 0.000000 0.000000
77 0.000000 0.000000 0.000000
78 0.000000 0.000000 0.000000
79 0.000000 0.000000 0.000000
80 0.000000 0.000000 0.000000
81 0.000000 0.000000 0.000000
82 0.000000 0.000000 0.000000
83 0.000000 0.000000 0.000000
84 0.000000 0.000000 0.000000
85 0.000000 0.000000 0.000000
86 0.000000 0.000000 0.000000
87 0.000000 0.000000 0.000000
88 0.000000 0.000000 0.000000
89 0.000000 0.000000 0.000000
90 0.000000 0.000000 0.000000
91 0.000000 0.000000 0.000000
92 0.000000 0.000000 0.000000
93 0.000000 0.000000 0.000000
94 0.000000 0.000000 0.000000
95 0.000000 0.000000 0.000000
96 0.000000 0.000000 0.000000
97 0.000000 0.000000 0.000000
98 0.000000 0.000000 0.000000
99 0.000000 0.000000 0.000000
20 0.000000 0.000000 0.000000
21 0.000000 0.000000 0.000000
22 0.000000 0.000000 0.000000
23 0.000000 0.000000 0.000000
24 0.000000 0.000000 0.000000
25 0.000000 0.000000 0.000000
26 0.000000 0.000000 0.000000
27 0.000000 0.000000 0.000000
28 0.000000 0.000000 0.000000
29 0.000000 0.000000 0.000000
30 0.000000 0.000000 0.000000
31 0.000000 0.000000 0.000000
32 0.000000 0.000000 0.000000
33 0.000000 0.000000 0.000000
34 0.000000 0.000000 0.000000
35 0.000000 0.000000 0.000000
36 0.000000 0.000000 0.000000
37 0.000000 0.000000 0.000000
38 0.000000 0.000000 0.000000
39 0.000000 0.000000 0.000000
40 0.000000 0.000000 0.000000
41 0.000000 0.000000 0.000000
42 0.000000 0.000000 0.000000
43 0.000000 0.000000 0.000000
44 0.000000 0.000000 0.000000
45 0.000000 0.000000 0.000000
46 0.000000 0.000000 0.000000
47 0.000000 0.000000 0.000000
48 0.000000 0.000000 0.000000
49 0.000000 0.000000 0.000000
50 0.000000 0.000000 0.000000
51 0.000000 0.000000 0.000000
52 0.000000 0.000000 0.000000
53 0.000000 0.000000 0.000000
54 0.000000 0.000000 0.000000
55 0.000000 0.000000 0.000000
56 0.000000 0.000000 0.000000
57 0.000000 0.000000 0.000000
58 0.000000 0.000000 0.000000
59 0.000000 0.000000 0.000000
60 0.000000 0.000000 0.000000
61 0.000000 0.000000 0.000000
62 0.000000 0.000000 0.000000
63 0.000000 0.000000 0.000000
64 0.000000 0.000000 0.000000
65 0.000000 0.000000 0.000000
66 0.000000 0.000000 0.000000
67 0.000000 0.000000 0.000000
68 0.000000 0.000000 0.000000
69 0.000000 0.000000 0.000000
70 0.000000 0.000000 0.000000
71 0.000000 0.000000 0.000000
72 0.000000 0.000000 0.000000
73 0.000000 0.000000 0.000000
74 0.000000 0.000000 0.000000
75 0.000000 0.000000 0.000000
76 0.000000 0.000000 0.000000
77 0.000000 0.000000 0.000000
78 0.000000 0.000000 0.000000
79 0.000000 0.000000 0.000000
80 0.000000 0.000000 0.000000
81 0.000000 0.000000 0.000000
82 0.000000 0.000000 0.000000
83 0.000000 0.000000 0.000000
84 0.000000 0.000000 0.000000
85 0.000000 0.000000 0.000000
86 0.000000 0.000000 0.000000
87 0.000000 0.000000 0.000000
88 0.000000 0.000000 0.000000
89 0.000000 0.000000 0.000000
90 0.000000 0.000000 0.000000
91 0.000000 0.000000 0.000000
92 0.000000 0.000000 0.000000
93 0.000000 0.000000 0.000000
94 0.000000 0.000000 0.000000
95 0.000000 0.000000 0.000000
96 0.000000 0.000000 0.000000
97 0.000000 0.000000 0.000000
98 0.000000 0.000000 0.000000
99 0.000000 0.000000 0.000000
20 0.000000 0.000000 0.000000
21 0.000000 0.000000 0.000000
22 0.000000 0.000000 0.000000
23 0.000000 0.000000 0.000000
24 0.000000 0.000000 0.000000
25 0.000000 0.000000 0.000000
26 0.000000 0.000000 0.000000
27 0.000000 0.000000 0.000000
28 0.000000 0.000000 0.000000
29 0.000000 0.000000 0.000000
30 0.000000 0.000000 0.000000
31 0.000000 0.000000 0.000000
32 0.000000 0.000000 0.000000
33 0.000000 0.000000 0.000000
34 0.000000 0.000000 0.000000
35 0.000000 0.000000 0.000000
36 0.000000 0.000000 0.000000
37 0.000000 0.000000 0.000000
38 0.000000 0.000000 0.000000
39 0.000000 0.000000 0.000000
40 0.000000 0.000000 0.000000
41 0.000000 0.000000 0.000000
42 0.000000 0.000000 0.000000
43 0.000000 0.000000 0.000000
44 0.000000 0.000000 0.000000
45 0.000000 0.000000 0.000000
46 0.000000 0.000000 0.000000
47 0.000000 0.000000 0.000000
48 0.000000 0.000000 0.000000
49 0.000000 0.000000 0.000000
50 0.000000 0.000000 0.000000
51 0.000000 0.000000 0.000000
52 0.000000 0.000000 0.000000
53 0.000000 0.000000 0.000000
54 0.000000 0.000000 0.000000
55 0.000000 0.000000 0.000000
56 0.000000 0.000000 0.000000
57 0.000000 0.000000 0.000000
58 0.000000 0.000000 0.000000
59 0.000000 0.000000 0.000000
60 0.000000 0.000000 0.000000
61 0.000000 0.000000 0.000000
62 0.000000 0.000000 0.000000
63 0.000000 0.000000 0.000000
64 0.000000 0.000000 0.000000
65 0.000000 0.000000 0.000000
66 0.000000 0.000000 0.000000
67 0.000000 0.000000 0.000000
68 0.000000 0.000000 0.000000
69 0.000000 0.000000 0.000000
70 0.000000 0.000000 0.000000
71 0.000000 0.000000 0.000000
72 0.000000 0.000000 0.000000
73 0.000000 0.000000 0.000000
74 0.000000 0.000000 0.000000
75 0.000000 0.000000 0.000000
76 0.000000 0.000000 0.000000
77 0.000000 0.000000 0.000000
78 0.000000 0.000000 0.000000
79 0.000000 0.000000 0.000000
80 0.000000 0.000000 0.000000
81 0.000000 0.000000 0.000000
82 0.000000 0.000000 0.000000
83 0.000000 0.000000 0.000000
84 0.000000 0.000000 0.000000
85 0.000000 0.000000 0.000000
86 0.000000 0.000000 0.000000
87 0.000000 0.000000 0.000000
88 0.000000 0.000000 0.000000
89 0.000000 0.000000 0.000000
90 0.000000 0.000000 0.000000
91 0.000000 0.000000 0.000000
92 0.000000 0.000000 0.000000
93 0.000000 0.000000 0.000000
94 0.000000 0.000000 0.000000
95 0.000000 0.000000 0.000000
96 0.000000 0.000000 0.000000
97 0.000000 0.000000 0.000000
98 0.000000 0.000000 0.000000
99 0.000000 0.000000 0.000000
20 0.000000 0.000000 0.000000
21 0.000000 0.000000 0.000000
22 0.000000 0.000000 0.000000
23 0.000000 0.000000 0.000000
24 0.000000 0.000000 0.000000
25 0.000000 0.000000 0.000000
26 0.000000 0.000000 0.000000
27 0.000000 0.000000 0.000000
28 0.000000 0.000000 0.000000
29 0.000000 0.000000 0.000000
30 0.000000 0.000000 0.000000
31 0.000000 0.000000 0.000000
32 0.000000 0.000000 0.000000
33 0.000000 0.000000 0.000000
34 0.000000 0.000000 0.000000
35 0.000000 0.000000 0.000000
36 0.000000 0.000000 0.000000
37 0.000000 0.000000 0.000000
38 0.000000 0.000000 0.000000
39 0.000000 0.000000 0.000000
40 0.000000 0.000000 0.000000
41 0.000000 0.000000 0.000000
42 0.000000 0.000000 0.000000
43 0.000000 0.000000 0.000000
44 0.000000 0.000000 0.000000
45 0.000000 0.000000 0.000000
46 0.000000 0.000000 0.000000
47 0.000000 0.000000 0.000000
48 0.000000 0.000000 0.000000
49 0.000000 0.000000 0.000000
50 0.000000 0.000000 0.000000
51 0.000000 0.000000 0.000000
52 0.000000 0.000000 0.000000
53 0.000000 0.000000 0.000000
54 0.000000 0.000000 0.000000
55 0.000000 0.000000 0.000000
56 0.000000 0.000000 0.000000
57 0.000000 0.000000 0.000000
58 0.000000 0.000000 0.000000
59 0.000000 0.000000 0.000000
60 0.000000 0.000000 0.000000
61 0.000000 0.000000 0.000000
62 0.000000 0.000000 0.000000
63 0.000000 0.000000 0.000000
64 0.000000 0.000000 0.000000
65 0.000000 0.000000 0.000000
66 0.000000 0.000000 0.000000
67 0.000000 0.000000 0.000000
68 0.000000 0.000000 0.000000
69 0.000000 0.000000 0.000000
70 0.000000 0.000000 0.000000
71 0.000000 0.000000 0.000000
72 0.000000 0.000000 0.000000
73 0.000000 0.000000 0.000000
74 0.000000 0.000000 0.000000
75 0.000000 0.000000 0.000000
76 0.000000 0.000000 0.000000
77 0.000000 0.000000 0.000000
78 0.000000 0.000000 0.000000
79 0.000000 0.000000 0.000000
80 0.000000 0.000000 0.000000
81 0.000000 0.000000 0.000000
82 0.000000 0.000000 0.000000
83 0.000000 0.000000 0.000000
84 0.000000 0.000000 0.000000
85 0.000000 0.000000 0.000000
86 0.000000 0.000000 0.000000
87 0.000000 0.000000 0.000000
88 0.000000 0.000000 0.000000
89 0.000000 0.000000 0.000000
90 0.000000 0.000000 0.000000
91 0.000000 0.000000 0.000000
92 0.000000 0.000000 0.000000
93 0.000000 0.000000 0.000000
94 0.000000 0.000000 0.000000
95 0.000000 0.000000 0.000000
96 0.000000 0.000000 0.000000
97 0.000000 0.000000 0.000000
98 0.000000 0.000000 0.000000
99 0.000000 0.000000 0.000000
20 0.000000 0.000000 0.000000
21 0.000000 0.000000 0.000000
22 0.000000 0.000000 0.000000
23 0.000000 0.000000 0.000000
24 0.000000 0.000000 0.000000
25 0.000000 0.000000 0.000000
26 0.000000 0.000000 0.000000
27 0.000000 0.000000 0.000000
28 0.000000 0.000000 0.000000
29 0.000000 0.000000 0.000000
30 0.000000 0.000000 0.000000
31 0.000000 0.000000 0.000000
32 0.000000 0.000000 0.000000
33 0.000000 0.000000 0.000000
34 0.000000 0.000000 0.000000
35 0.000000 0.000000 0.000000
36 0.000000 0.000000 0.000000
37 0.000000 0.000000 0.000000
38 0.000000 0.000000 0.000000
39 0.000000 0.000000 0.000000
40 0.000000 0.000000 0.000000
41 0.000000 0.000000 0.000000
42 0.000000 0.000000 0.000000
43 0.000000 0.000000 0.000000
44 0.000000 0.000000 0.000000
45 0.000000 0.000000 0.000000
46 0.000000 0.000000 0.000000
47 0.000000 0.000000 0.000000
48 0.000000 0.000000 0.000000
49 0.000000 0.000000 0.000000
50 0.000000 0.000000 0.000000
51 0.000000 0.000000 0.000000
52 0.000000 0.000000 0.000000
53 0.000000 0.000000 0.000000
54 0.000000 0.000000 0.000000
55 0.000000 0.000000 0.000000
56 0.000000 0.000000 0.000000
57 0.000000 0.000000 0.000000
58 0.000000 0.000000 0.000000
59 0.000000 0.000000 0.000000
60 0.000000 0.000000 0.000000
61 0.000000 0.000000 0.000000
62 0.000000 0.000000 0.000000
63 0.000000 0.000000 0.000000
64 0.000000 0.000000 0.000000
65 0.000000 0.000000 0.000000
66 0.000000 0.000000 0.000000
67 0.000000 0.000000 0.000000
68 0.000000 0.000000 0.000000
69 0.000000 0.000000 0.000000
70 0.000000 0.000000 0.000000
71 0.000000 0.000000 0.000000
72 0.000000 0.000000 0.000000
73 0.000000 0.000000 0.000000
74 0.000000 0.000000 0.000000
75 0.000000 0.000000 0.000000
76 0.000000 0.000000 0.000000
77 0.000000 0.000000 0.000000
78 0.000000 0.000000 0.000000
79 0.000000 0.000000 0.000000
80 0.000000 0.000000 0.000000
81 0.000000 0.000000 0.000000
82 0.000000 0.000000 0.000000
83 0.000000 0.000000 0.000000
84 0.000000 0.000000 0.000000
85 0.000000 0.000000 0.000000
86 0.000000 0.000000 0.000000
87 0.000000 0.000000 0.000000
88 0.000000 0.000000 0.000000
89 0.000000 0.000000 0.000000
90 0.000000 0.000000 0.000000
91 0.000000 0.000000 0.000000
92 0.000000 0.000000 0.000000
93 0.000000 0.000000 0.000000
94 0.000000 0.000000 0.000000
95 0.000000 0.000000 0.000000
96 0.000000 0.000000 0.000000
97 0.000000 0.000000 0.000000
98 0.000000 0.000000 0.000000
99 0.000000 0.000000 0.000000
