1.0000 0.3350 0.3350 0.3350 0.3350 0.3350 0.3350 0.3350 0.3350 0.3350 0.3350 0.3350 0.3350 0.3350 0.3350 0.3350 0.3350 0.3350 0.3350 0.3350 0.3350 0.3350 0.3350 0.3350 0.3350 0.3350 0.3350 0.3350 0.3350 0.3350 0.3350 0.3350 0.3350 0.3350 0.3350 0.3350 0.3350 0.3350 0.3350 0.3350 0.3350 0.3350 0.3350 0.3350 0.3350 0.3350 0.3350 0.3350 0.3350 0.3350 0.3350 0.3350 0.3350 0.3350 0.3350 0.3350 0.3350 0.3350 0.3350 0.3350
0.3350 1.0000 0.9040 0.9029 0.9030 0.3350 0.3350 0.3350 0.3350 0.3350 0.3350 0.3350 0.3350 0.3350 0.3350 0.3350 0.3350 0.3350 0.3350 0.3350 0.3350 0.3350 0.3350 0.3350 0.3350 0.3350 0.3350 0.3350 0.3350 0.3350 0.3350 0.3350 0.3350 0.3350 0.3350 0.3350 0.3350 0.3350 0.3350 0.3350 0.3350 0.3350 0.3350 0.3350 0.3350 0.3350 0.3350 0.3350 0.3350 0.3350 0.3350 0.3350 0.3350 0.3350 0.3350 0.3350 0.3350 0.3350 0.3350 0.3350
0.3350 0.9040 1.0000 0.9059 0.9043 0.3350 0.3350 0.3350 0.3350 0.3350 0.3350 0.3350 0.3350 0.3350 0.3350 0.3350 0.3350 0.3350 0.3350 0.3350 0.3350 0.3350 0.3350 0.3350 0.3350 0.3350 0.3350 0.3350 0.3350 0.3350 0.3350 0.3350 0.3350 0.3350 0.3350 0.3350 0.3350 0.3350 0.3350 0.3350 0.3350 0.3350 0.3350 0.3350 0.3350 0.3350 0.3350 0.3350 0.3350 0.3350 0.3350 0.3350 0.3350 0.3350 0.3350 0.3350 0.3350 0.3350 0.3350 0.3350
0.3350 0.9029 0.9059 1.0000 0.9047 0.3350 0.3350 0.3350 0.3350 0.3350 0.3350 0.3350 0.3350 0.3350 0.3350 0.3350 0.3350 0.3350 0.3350 0.3350 0.3350 0.3350 0.3350 0.3350 0.3350 0.3350 0.3350 0.3350 0.3350 0.3350 0.3350 0.3350 0.3350 0.3350 0.3350 0.3350 0.3350 0.3350 0.3350 0.3350 0.3350 0.3350 0.3350 0.3350 0.3350 0.3350 0.3350 0.3350 0.3350 0.3350 0.3350 0.3350 0.3350 0.3350 0.3350 0.3350 0.3350 0.3350 0.3350 0.3350
0.3350 0.9030 0.9043 0.9047 1.0000 0.3350 0.3350 0.3350 0.3350 0.3350 0.3350 0.3350 0.3350 0.3350 0.3350 0.3350 0.3350 0.3350 0.3350 0.3350 0.3350 0.3350 0.3350 0.3350 0.3350 0.3350 0.3350 0.3350 0.3350 0.3350 0.3350 0.3350 0.3350 0.3350 0.3350 0.3350 0.3350 0.3350 0.3350 0.3350 0.3350 0.3350 0.3350 0.3350 0.3350 0.3350 0.3350 0.3350 0.3350 0.3350 0.3350 0.3350 0.3350 0.3350 0.3350 0.3350 0.3350 0.3350 0.3350 0.3350
0.3350 0.3350 0.3350 0.3350 0.3350 1.0000 0.2580 0.2607 0.2559 0.2550 0.2588 0.2608 0.3350 0.3350 0.3350 0.3350 0.3350 0.3350 0.3350 0.3350 0.3350 0.3350 0.3350 0.3350 0.3350 0.3350 0.3350 0.3350 0.3350 0.3350 0.3350 0.3350 0.3350 0.3350 0.3350 0.3350 0.3350 0.3350 0.3350 0.3350 0.3350 0.3350 0.3350 0.3350 0.3350 0.3350 0.3350 0.3350 0.3350 0.3350 0.3350 0.3350 0.3350 0.3350 0.3350 0.3350 0.3350 0.3350 0.3350 0.3350
0.3350 0.3350 0.3350 0.3350 0.3350 0.2580 1.0000 0.2622 0.2637 0.2555 0.2628 0.2630 0.3350 0.3350 0.3350 0.3350 0.3350 0.3350 0.3350 0.3350 0.3350 0.3350 0.3350 0.3350 0.3350 0.3350 0.3350 0.3350 0.3350 0.3350 0.3350 0.3350 0.3350 0.3350 0.3350 0.3350 0.3350 0.3350 0.3350 0.3350 0.3350 0.3350 0.3350 0.3350 0.3350 0.3350 0.3350 0.3350 0.3350 0.3350 0.3350 0.3350 0.3350 0.3350 0.3350 0.3350 0.3350 0.3350 0.3350 0.3350
0.3350 0.3350 0.3350 0.3350 0.3350 0.2607 0.2622 1.0000 0.2567 0.2563 0.2532 0.2632 0.3350 0.3350 0.3350 0.3350 0.3350 0.3350 0.3350 0.3350 0.3350 0.3350 0.3350 0.3350 0.3350 0.3350 0.3350 0.3350 0.3350 0.3350 0.3350 0.3350 0.3350 0.3350 0.3350 0.3350 0.3350 0.3350 0.3350 0.3350 0.3350 0.3350 0.3350 0.3350 0.3350 0.3350 0.3350 0.3350 0.3350 0.3350 0.3350 0.3350 0.3350 0.3350 0.3350 0.3350 0.3350 0.3350 0.3350 0.3350
0.3350 0.3350 0.3350 0.3350 0.3350 0.2559 0.2637 0.2567 1.0000 0.2526 0.2593 0.2573 0.3350 0.3350 0.3350 0.3350 0.3350 0.3350 0.3350 0.3350 0.3350 0.3350 0.3350 0.3350 0.3350 0.3350 0.3350 0.3350 0.3350 0.3350 0.3350 0.3350 0.3350 0.3350 0.3350 0.3350 0.3350 0.3350 0.3350 0.3350 0.3350 0.3350 0.3350 0.3350 0.3350 0.3350 0.3350 0.3350 0.3350 0.3350 0.3350 0.3350 0.3350 0.3350 0.3350 0.3350 0.3350 0.3350 0.3350 0.3350
0.3350 0.3350 0.3350 0.3350 0.3350 0.2550 0.2555 0.2563 0.2526 1.0000 0.2597 0.2609 0.3350 0.3350 0.3350 0.3350 0.3350 0.3350 0.3350 0.3350 0.3350 0.3350 0.3350 0.3350 0.3350 0.3350 0.3350 0.3350 0.3350 0.3350 0.3350 0.3350 0.3350 0.3350 0.3350 0.3350 0.3350 0.3350 0.3350 0.3350 0.3350 0.3350 0.3350 0.3350 0.3350 0.3350 0.3350 0.3350 0.3350 0.3350 0.3350 0.3350 0.3350 0.3350 0.3350 0.3350 0.3350 0.3350 0.3350 0.3350
0.3350 0.3350 0.3350 0.3350 0.3350 0.2588 0.2628 0.2532 0.2593 0.2597 1.0000 0.2557 0.3350 0.3350 0.3350 0.3350 0.3350 0.3350 0.3350 0.3350 0.3350 0.3350 0.3350 0.3350 0.3350 0.3350 0.3350 0.3350 0.3350 0.3350 0.3350 0.3350 0.3350 0.3350 0.3350 0.3350 0.3350 0.3350 0.3350 0.3350 0.3350 0.3350 0.3350 0.3350 0.3350 0.3350 0.3350 0.3350 0.3350 0.3350 0.3350 0.3350 0.3350 0.3350 0.3350 0.3350 0.3350 0.3350 0.3350 0.3350
0.3350 0.3350 0.3350 0.3350 0.3350 0.2608 0.2630 0.2632 0.2573 0.2609 0.2557 1.0000 0.3350 0.3350 0.3350 0.3350 0.3350 0.3350 0.3350 0.3350 0.3350 0.3350 0.3350 0.3350 0.3350 0.3350 0.3350 0.3350 0.3350 0.3350 0.3350 0.3350 0.3350 0.3350 0.3350 0.3350 0.3350 0.3350 0.3350 0.3350 0.3350 0.3350 0.3350 0.3350 0.3350 0.3350 0.3350 0.3350 0.3350 0.3350 0.3350 0.3350 0.3350 0.3350 0.3350 0.3350 0.3350 0.3350 0.3350 0.3350
0.3350 0.3350 0.3350 0.3350 0.3350 0.3350 0.3350 0.3350 0.3350 0.3350 0.3350 0.3350 1.0000 0.9591 0.9607 0.9593 0.3350 0.3350 0.3350 0.3350 0.3350 0.3350 0.3350 0.3350 0.3350 0.3350 0.3350 0.3350 0.3350 0.3350 0.3350 0.3350 0.3350 0.3350 0.3350 0.3350 0.3350 0.3350 0.3350 0.3350 0.3350 0.3350 0.3350 0.3350 0.3350 0.3350 0.3350 0.3350 0.3350 0.3350 0.3350 0.3350 0.3350 0.3350 0.3350 0.3350 0.3350 0.3350 0.3350 0.3350
0.3350 0.3350 0.3350 0.3350 0.3350 0.3350 0.3350 0.3350 0.3350 0.3350 0.3350 0.3350 0.9591 1.0000 0.9722 0.9657 0.3350 0.3350 0.3350 0.3350 0.3350 0.3350 0.3350 0.3350 0.3350 0.3350 0.3350 0.3350 0.3350 0.3350 0.3350 0.3350 0.3350 0.3350 0.3350 0.3350 0.3350 0.3350 0.3350 0.3350 0.3350 0.3350 0.3350 0.3350 0.3350 0.3350 0.3350 0.3350 0.3350 0.3350 0.3350 0.3350 0.3350 0.3350 0.3350 0.3350 0.3350 0.3350 0.3350 0.3350
0.3350 0.3350 0.3350 0.3350 0.3350 0.3350 0.3350 0.3350 0.3350 0.3350 0.3350 0.3350 0.9607 0.9722 1.0000 0.9737 0.3350 0.3350 0.3350 0.3350 0.3350 0.3350 0.3350 0.3350 0.3350 0.3350 0.3350 0.3350 0.3350 0.3350 0.3350 0.3350 0.3350 0.3350 0.3350 0.3350 0.3350 0.3350 0.3350 0.3350 0.3350 0.3350 0.3350 0.3350 0.3350 0.3350 0.3350 0.3350 0.3350 0.3350 0.3350 0.3350 0.3350 0.3350 0.3350 0.3350 0.3350 0.3350 0.3350 0.3350
0.3350 0.3350 0.3350 0.3350 0.3350 0.3350 0.3350 0.3350 0.3350 0.3350 0.3350 0.3350 0.9593 0.9657 0.9737 1.0000 0.3350 0.3350 0.3350 0.3350 0.3350 0.3350 0.3350 0.3350 0.3350 0.3350 0.3350 0.3350 0.3350 0.3350 0.3350 0.3350 0.3350 0.3350 0.3350 0.3350 0.3350 0.3350 0.3350 0.3350 0.3350 0.3350 0.3350 0.3350 0.3350 0.3350 0.3350 0.3350 0.3350 0.3350 0.3350 0.3350 0.3350 0.3350 0.3350 0.3350 0.3350 0.3350 0.3350 0.3350
0.3350 0.3350 0.3350 0.3350 0.3350 0.3350 0.3350 0.3350 0.3350 0.3350 0.3350 0.3350 0.3350 0.3350 0.3350 0.3350 1.0000 0.8472 0.8438 0.3350 0.3350 0.3350 0.3350 0.3350 0.3350 0.3350 0.3350 0.3350 0.3350 0.3350 0.3350 0.3350 0.3350 0.3350 0.3350 0.3350 0.3350 0.3350 0.3350 0.3350 0.3350 0.3350 0.3350 0.3350 0.3350 0.3350 0.3350 0.3350 0.3350 0.3350 0.3350 0.3350 0.3350 0.3350 0.3350 0.3350 0.3350 0.3350 0.3350 0.3350
0.3350 0.3350 0.3350 0.3350 0.3350 0.3350 0.3350 0.3350 0.3350 0.3350 0.3350 0.3350 0.3350 0.3350 0.3350 0.3350 0.8472 1.0000 0.8466 0.3350 0.3350 0.3350 0.3350 0.3350 0.3350 0.3350 0.3350 0.3350 0.3350 0.3350 0.3350 0.3350 0.3350 0.3350 0.3350 0.3350 0.3350 0.3350 0.3350 0.3350 0.3350 0.3350 0.3350 0.3350 0.3350 0.3350 0.3350 0.3350 0.3350 0.3350 0.3350 0.3350 0.3350 0.3350 0.3350 0.3350 0.3350 0.3350 0.3350 0.3350
0.3350 0.3350 0.3350 0.3350 0.3350 0.3350 0.3350 0.3350 0.3350 0.3350 0.3350 0.3350 0.3350 0.3350 0.3350 0.3350 0.8438 0.8466 1.0000 0.3350 0.3350 0.3350 0.3350 0.3350 0.3350 0.3350 0.3350 0.3350 0.3350 0.3350 0.3350 0.3350 0.3350 0.3350 0.3350 0.3350 0.3350 0.3350 0.3350 0.3350 0.3350 0.3350 0.3350 0.3350 0.3350 0.3350 0.3350 0.3350 0.3350 0.3350 0.3350 0.3350 0.3350 0.3350 0.3350 0.3350 0.3350 0.3350 0.3350 0.3350
0.3350 0.3350 0.3350 0.3350 0.3350 0.3350 0.3350 0.3350 0.3350 0.3350 0.3350 0.3350 0.3350 0.3350 0.3350 0.3350 0.3350 0.3350 0.3350 1.0000 0.8606 0.8643 0.8656 0.8620 0.8648 0.8644 0.8611 0.8616 0.8655 0.8619 0.8658 0.8648 0.3350 0.3350 0.3350 0.3350 0.3350 0.3350 0.3350 0.3350 0.3350 0.3350 0.3350 0.3350 0.3350 0.3350 0.3350 0.3350 0.3350 0.3350 0.3350 0.3350 0.3350 0.3350 0.3350 0.3350 0.3350 0.3350 0.3350 0.3350
0.3350 0.3350 0.3350 0.3350 0.3350 0.3350 0.3350 0.3350 0.3350 0.3350 0.3350 0.3350 0.3350 0.3350 0.3350 0.3350 0.3350 0.3350 0.3350 0.8606 1.0000 0.8603 0.8625 0.8597 0.8609 0.8611 0.8610 0.8602 0.8637 0.8591 0.8628 0.8598 0.3350 0.3350 0.3350 0.3350 0.3350 0.3350 0.3350 0.3350 0.3350 0.3350 0.3350 0.3350 0.3350 0.3350 0.3350 0.3350 0.3350 0.3350 0.3350 0.3350 0.3350 0.3350 0.3350 0.3350 0.3350 0.3350 0.3350 0.3350
0.3350 0.3350 0.3350 0.3350 0.3350 0.3350 0.3350 0.3350 0.3350 0.3350 0.3350 0.3350 0.3350 0.3350 0.3350 0.3350 0.3350 0.3350 0.3350 0.8643 0.8603 1.0000 0.8630 0.8631 0.8654 0.8633 0.8627 0.8630 0.8669 0.8629 0.8635 0.8625 0.3350 0.3350 0.3350 0.3350 0.3350 0.3350 0.3350 0.3350 0.3350 0.3350 0.3350 0.3350 0.3350 0.3350 0.3350 0.3350 0.3350 0.3350 0.3350 0.3350 0.3350 0.3350 0.3350 0.3350 0.3350 0.3350 0.3350 0.3350
0.3350 0.3350 0.3350 0.3350 0.3350 0.3350 0.3350 0.3350 0.3350 0.3350 0.3350 0.3350 0.3350 0.3350 0.3350 0.3350 0.3350 0.3350 0.3350 0.8656 0.8625 0.8630 1.0000 0.8620 0.8626 0.8649 0.8602 0.8624 0.8650 0.8623 0.8633 0.8627 0.3350 0.3350 0.3350 0.3350 0.3350 0.3350 0.3350 0.3350 0.3350 0.3350 0.3350 0.3350 0.3350 0.3350 0.3350 0.3350 0.3350 0.3350 0.3350 0.3350 0.3350 0.3350 0.3350 0.3350 0.3350 0.3350 0.3350 0.3350
0.3350 0.3350 0.3350 0.3350 0.3350 0.3350 0.3350 0.3350 0.3350 0.3350 0.3350 0.3350 0.3350 0.3350 0.3350 0.3350 0.3350 0.3350 0.3350 0.8620 0.8597 0.8631 0.8620 1.0000 0.8629 0.8625 0.8606 0.8607 0.8646 0.8610 0.8630 0.8619 0.3350 0.3350 0.3350 0.3350 0.3350 0.3350 0.3350 0.3350 0.3350 0.3350 0.3350 0.3350 0.3350 0.3350 0.3350 0.3350 0.3350 0.3350 0.3350 0.3350 0.3350 0.3350 0.3350 0.3350 0.3350 0.3350 0.3350 0.3350
0.3350 0.3350 0.3350 0.3350 0.3350 0.3350 0.3350 0.3350 0.3350 0.3350 0.3350 0.3350 0.3350 0.3350 0.3350 0.3350 0.3350 0.3350 0.3350 0.8648 0.8609 0.8654 0.8626 0.8629 1.0000 0.8621 0.8618 0.8628 0.8669 0.8615 0.8614 0.8642 0.3350 0.3350 0.3350 0.3350 0.3350 0.3350 0.3350 0.3350 0.3350 0.3350 0.3350 0.3350 0.3350 0.3350 0.3350 0.3350 0.3350 0.3350 0.3350 0.3350 0.3350 0.3350 0.3350 0.3350 0.3350 0.3350 0.3350 0.3350
0.3350 0.3350 0.3350 0.3350 0.3350 0.3350 0.3350 0.3350 0.3350 0.3350 0.3350 0.3350 0.3350 0.3350 0.3350 0.3350 0.3350 0.3350 0.3350 0.8644 0.8611 0.8633 0.8649 0.8625 0.8621 1.0000 0.8608 0.8624 0.8673 0.8631 0.8632 0.8620 0.3350 0.3350 0.3350 0.3350 0.3350 0.3350 0.3350 0.3350 0.3350 0.3350 0.3350 0.3350 0.3350 0.3350 0.3350 0.3350 0.3350 0.3350 0.3350 0.3350 0.3350 0.3350 0.3350 0.3350 0.3350 0.3350 0.3350 0.3350
0.3350 0.3350 0.3350 0.3350 0.3350 0.3350 0.3350 0.3350 0.3350 0.3350 0.3350 0.3350 0.3350 0.3350 0.3350 0.3350 0.3350 0.3350 0.3350 0.8611 0.8610 0.8627 0.8602 0.8606 0.8618 0.8608 1.0000 0.8603 0.8647 0.8606 0.8635 0.8629 0.3350 0.3350 0.3350 0.3350 0.3350 0.3350 0.3350 0.3350 0.3350 0.3350 0.3350 0.3350 0.3350 0.3350 0.3350 0.3350 0.3350 0.3350 0.3350 0.3350 0.3350 0.3350 0.3350 0.3350 0.3350 0.3350 0.3350 0.3350
0.3350 0.3350 0.3350 0.3350 0.3350 0.3350 0.3350 0.3350 0.3350 0.3350 0.3350 0.3350 0.3350 0.3350 0.3350 0.3350 0.3350 0.3350 0.3350 0.8616 0.8602 0.8630 0.8624 0.8607 0.8628 0.8624 0.8603 1.0000 0.8662 0.8591 0.8638 0.8650 0.3350 0.3350 0.3350 0.3350 0.3350 0.3350 0.3350 0.3350 0.3350 0.3350 0.3350 0.3350 0.3350 0.3350 0.3350 0.3350 0.3350 0.3350 0.3350 0.3350 0.3350 0.3350 0.3350 0.3350 0.3350 0.3350 0.3350 0.3350
0.3350 0.3350 0.3350 0.3350 0.3350 0.3350 0.3350 0.3350 0.3350 0.3350 0.3350 0.3350 0.3350 0.3350 0.3350 0.3350 0.3350 0.3350 0.3350 0.8655 0.8637 0.8669 0.8650 0.8646 0.8669 0.8673 0.8647 0.8662 1.0000 0.8644 0.8660 0.8658 0.3350 0.3350 0.3350 0.3350 0.3350 0.3350 0.3350 0.3350 0.3350 0.3350 0.3350 0.3350 0.3350 0.3350 0.3350 0.3350 0.3350 0.3350 0.3350 0.3350 0.3350 0.3350 0.3350 0.3350 0.3350 0.3350 0.3350 0.3350
0.3350 0.3350 0.3350 0.3350 0.3350 0.3350 0.3350 0.3350 0.3350 0.3350 0.3350 0.3350 0.3350 0.3350 0.3350 0.3350 0.3350 0.3350 0.3350 0.8619 0.8591 0.8629 0.8623 0.8610 0.8615 0.8631 0.8606 0.8591 0.8644 1.0000 0.8629 0.8602 0.3350 0.3350 0.3350 0.3350 0.3350 0.3350 0.3350 0.3350 0.3350 0.3350 0.3350 0.3350 0.3350 0.3350 0.3350 0.3350 0.3350 0.3350 0.3350 0.3350 0.3350 0.3350 0.3350 0.3350 0.3350 0.3350 0.3350 0.3350
0.3350 0.3350 0.3350 0.3350 0.3350 0.3350 0.3350 0.3350 0.3350 0.3350 0.3350 0.3350 0.3350 0.3350 0.3350 0.3350 0.3350 0.3350 0.3350 0.8658 0.8628 0.8635 0.8633 0.8630 0.8614 0.8632 0.8635 0.8638 0.8660 0.8629 1.0000 0.8627 0.3350 0.3350 0.3350 0.3350 0.3350 0.3350 0.3350 0.3350 0.3350 0.3350 0.3350 0.3350 0.3350 0.3350 0.3350 0.3350 0.3350 0.3350 0.3350 0.3350 0.3350 0.3350 0.3350 0.3350 0.3350 0.3350 0.3350 0.3350
0.3350 0.3350 0.3350 0.3350 0.3350 0.3350 0.3350 0.3350 0.3350 0.3350 0.3350 0.3350 0.3350 0.3350 0.3350 0.3350 0.3350 0.3350 0.3350 0.8648 0.8598 0.8625 0.8627 0.8619 0.8642 0.8620 0.8629 0.8650 0.8658 0.8602 0.8627 1.0000 0.3350 0.3350 0.3350 0.3350 0.3350 0.3350 0.3350 0.3350 0.3350 0.3350 0.3350 0.3350 0.3350 0.3350 0.3350 0.3350 0.3350 0.3350 0.3350 0.3350 0.3350 0.3350 0.3350 0.3350 0.3350 0.3350 0.3350 0.3350
0.3350 0.3350 0.3350 0.3350 0.3350 0.3350 0.3350 0.3350 0.3350 0.3350 0.3350 0.3350 0.3350 0.3350 0.3350 0.3350 0.3350 0.3350 0.3350 0.3350 0.3350 0.3350 0.3350 0.3350 0.3350 0.3350 0.3350 0.3350 0.3350 0.3350 0.3350 0.3350 1.0000 0.7534 0.7556 0.7556 0.7554 0.7564 0.7579 0.3350 0.3350 0.3350 0.3350 0.3350 0.3350 0.3350 0.3350 0.3350 0.3350 0.3350 0.3350 0.3350 0.3350 0.3350 0.3350 0.3350 0.3350 0.3350 0.3350 0.3350
0.3350 0.3350 0.3350 0.3350 0.3350 0.3350 0.3350 0.3350 0.3350 0.3350 0.3350 0.3350 0.3350 0.3350 0.3350 0.3350 0.3350 0.3350 0.3350 0.3350 0.3350 0.3350 0.3350 0.3350 0.3350 0.3350 0.3350 0.3350 0.3350 0.3350 0.3350 0.3350 0.7534 1.0000 0.7561 0.7583 0.7572 0.7575 0.7582 0.3350 0.3350 0.3350 0.3350 0.3350 0.3350 0.3350 0.3350 0.3350 0.3350 0.3350 0.3350 0.3350 0.3350 0.3350 0.3350 0.3350 0.3350 0.3350 0.3350 0.3350
0.3350 0.3350 0.3350 0.3350 0.3350 0.3350 0.3350 0.3350 0.3350 0.3350 0.3350 0.3350 0.3350 0.3350 0.3350 0.3350 0.3350 0.3350 0.3350 0.3350 0.3350 0.3350 0.3350 0.3350 0.3350 0.3350 0.3350 0.3350 0.3350 0.3350 0.3350 0.3350 0.7556 0.7561 1.0000 0.7570 0.7554 0.7564 0.7544 0.3350 0.3350 0.3350 0.3350 0.3350 0.3350 0.3350 0.3350 0.3350 0.3350 0.3350 0.3350 0.3350 0.3350 0.3350 0.3350 0.3350 0.3350 0.3350 0.3350 0.3350
0.3350 0.3350 0.3350 0.3350 0.3350 0.3350 0.3350 0.3350 0.3350 0.3350 0.3350 0.3350 0.3350 0.3350 0.3350 0.3350 0.3350 0.3350 0.3350 0.3350 0.3350 0.3350 0.3350 0.3350 0.3350 0.3350 0.3350 0.3350 0.3350 0.3350 0.3350 0.3350 0.7556 0.7583 0.7570 1.0000 0.7598 0.7568 0.7569 0.3350 0.3350 0.3350 0.3350 0.3350 0.3350 0.3350 0.3350 0.3350 0.3350 0.3350 0.3350 0.3350 0.3350 0.3350 0.3350 0.3350 0.3350 0.3350 0.3350 0.3350
0.3350 0.3350 0.3350 0.3350 0.3350 0.3350 0.3350 0.3350 0.3350 0.3350 0.3350 0.3350 0.3350 0.3350 0.3350 0.3350 0.3350 0.3350 0.3350 0.3350 0.3350 0.3350 0.3350 0.3350 0.3350 0.3350 0.3350 0.3350 0.3350 0.3350 0.3350 0.3350 0.7554 0.7572 0.7554 0.7598 1.0000 0.7609 0.7585 0.3350 0.3350 0.3350 0.3350 0.3350 0.3350 0.3350 0.3350 0.3350 0.3350 0.3350 0.3350 0.3350 0.3350 0.3350 0.3350 0.3350 0.3350 0.3350 0.3350 0.3350
0.3350 0.3350 0.3350 0.3350 0.3350 0.3350 0.3350 0.3350 0.3350 0.3350 0.3350 0.3350 0.3350 0.3350 0.3350 0.3350 0.3350 0.3350 0.3350 0.3350 0.3350 0.3350 0.3350 0.3350 0.3350 0.3350 0.3350 0.3350 0.3350 0.3350 0.3350 0.3350 0.7564 0.7575 0.7564 0.7568 0.7609 1.0000 0.7557 0.3350 0.3350 0.3350 0.3350 0.3350 0.3350 0.3350 0.3350 0.3350 0.3350 0.3350 0.3350 0.3350 0.3350 0.3350 0.3350 0.3350 0.3350 0.3350 0.3350 0.3350
0.3350 0.3350 0.3350 0.3350 0.3350 0.3350 0.3350 0.3350 0.3350 0.3350 0.3350 0.3350 0.3350 0.3350 0.3350 0.3350 0.3350 0.3350 0.3350 0.3350 0.3350 0.3350 0.3350 0.3350 0.3350 0.3350 0.3350 0.3350 0.3350 0.3350 0.3350 0.3350 0.7579 0.7582 0.7544 0.7569 0.7585 0.7557 1.0000 0.3350 0.3350 0.3350 0.3350 0.3350 0.3350 0.3350 0.3350 0.3350 0.3350 0.3350 0.3350 0.3350 0.3350 0.3350 0.3350 0.3350 0.3350 0.3350 0.3350 0.3350
0.3350 0.3350 0.3350 0.3350 0.3350 0.3350 0.3350 0.3350 0.3350 0.3350 0.3350 0.3350 0.3350 0.3350 0.3350 0.3350 0.3350 0.3350 0.3350 0.3350 0.3350 0.3350 0.3350 0.3350 0.3350 0.3350 0.3350 0.3350 0.3350 0.3350 0.3350 0.3350 0.3350 0.3350 0.3350 0.3350 0.3350 0.3350 0.3350 1.0000 0.6569 0.6702 0.6625 0.6670 0.6690 0.6687 0.6566 0.6656 0.6676 0.6665 0.6513 0.6648 0.6610 0.3350 0.3350 0.3350 0.3350 0.3350 0.3350 0.3350
0.3350 0.3350 0.3350 0.3350 0.3350 0.3350 0.3350 0.3350 0.3350 0.3350 0.3350 0.3350 0.3350 0.3350 0.3350 0.3350 0.3350 0.3350 0.3350 0.3350 0.3350 0.3350 0.3350 0.3350 0.3350 0.3350 0.3350 0.3350 0.3350 0.3350 0.3350 0.3350 0.3350 0.3350 0.3350 0.3350 0.3350 0.3350 0.3350 0.6569 1.0000 0.6635 0.6673 0.6752 0.6654 0.6696 0.6679 0.6694 0.6653 0.6640 0.6673 0.6680 0.6652 0.3350 0.3350 0.3350 0.3350 0.3350 0.3350 0.3350
0.3350 0.3350 0.3350 0.3350 0.3350 0.3350 0.3350 0.3350 0.3350 0.3350 0.3350 0.3350 0.3350 0.3350 0.3350 0.3350 0.3350 0.3350 0.3350 0.3350 0.3350 0.3350 0.3350 0.3350 0.3350 0.3350 0.3350 0.3350 0.3350 0.3350 0.3350 0.3350 0.3350 0.3350 0.3350 0.3350 0.3350 0.3350 0.3350 0.6702 0.6635 1.0000 0.6701 0.6719 0.6644 0.6723 0.6644 0.6663 0.6634 0.6648 0.6638 0.6691 0.6641 0.3350 0.3350 0.3350 0.3350 0.3350 0.3350 0.3350
0.3350 0.3350 0.3350 0.3350 0.3350 0.3350 0.3350 0.3350 0.3350 0.3350 0.3350 0.3350 0.3350 0.3350 0.3350 0.3350 0.3350 0.3350 0.3350 0.3350 0.3350 0.3350 0.3350 0.3350 0.3350 0.3350 0.3350 0.3350 0.3350 0.3350 0.3350 0.3350 0.3350 0.3350 0.3350 0.3350 0.3350 0.3350 0.3350 0.6625 0.6673 0.6701 1.0000 0.6710 0.6674 0.6785 0.6655 0.6730 0.6739 0.6721 0.6661 0.6738 0.6669 0.3350 0.3350 0.3350 0.3350 0.3350 0.3350 0.3350
0.3350 0.3350 0.3350 0.3350 0.3350 0.3350 0.3350 0.3350 0.3350 0.3350 0.3350 0.3350 0.3350 0.3350 0.3350 0.3350 0.3350 0.3350 0.3350 0.3350 0.3350 0.3350 0.3350 0.3350 0.3350 0.3350 0.3350 0.3350 0.3350 0.3350 0.3350 0.3350 0.3350 0.3350 0.3350 0.3350 0.3350 0.3350 0.3350 0.6670 0.6752 0.6719 0.6710 1.0000 0.6767 0.6766 0.6750 0.6732 0.6738 0.6717 0.6706 0.6698 0.6714 0.3350 0.3350 0.3350 0.3350 0.3350 0.3350 0.3350
0.3350 0.3350 0.3350 0.3350 0.3350 0.3350 0.3350 0.3350 0.3350 0.3350 0.3350 0.3350 0.3350 0.3350 0.3350 0.3350 0.3350 0.3350 0.3350 0.3350 0.3350 0.3350 0.3350 0.3350 0.3350 0.3350 0.3350 0.3350 0.3350 0.3350 0.3350 0.3350 0.3350 0.3350 0.3350 0.3350 0.3350 0.3350 0.3350 0.6690 0.6654 0.6644 0.6674 0.6767 1.0000 0.6754 0.6659 0.6696 0.6732 0.6659 0.6668 0.6662 0.6649 0.3350 0.3350 0.3350 0.3350 0.3350 0.3350 0.3350
0.3350 0.3350 0.3350 0.3350 0.3350 0.3350 0.3350 0.3350 0.3350 0.3350 0.3350 0.3350 0.3350 0.3350 0.3350 0.3350 0.3350 0.3350 0.3350 0.3350 0.3350 0.3350 0.3350 0.3350 0.3350 0.3350 0.3350 0.3350 0.3350 0.3350 0.3350 0.3350 0.3350 0.3350 0.3350 0.3350 0.3350 0.3350 0.3350 0.6687 0.6696 0.6723 0.6785 0.6766 0.6754 1.0000 0.6668 0.6684 0.6742 0.6702 0.6707 0.6727 0.6727 0.3350 0.3350 0.3350 0.3350 0.3350 0.3350 0.3350
0.3350 0.3350 0.3350 0.3350 0.3350 0.3350 0.3350 0.3350 0.3350 0.3350 0.3350 0.3350 0.3350 0.3350 0.3350 0.3350 0.3350 0.3350 0.3350 0.3350 0.3350 0.3350 0.3350 0.3350 0.3350 0.3350 0.3350 0.3350 0.3350 0.3350 0.3350 0.3350 0.3350 0.3350 0.3350 0.3350 0.3350 0.3350 0.3350 0.6566 0.6679 0.6644 0.6655 0.6750 0.6659 0.6668 1.0000 0.6619 0.6625 0.6702 0.6615 0.6622 0.6656 0.3350 0.3350 0.3350 0.3350 0.3350 0.3350 0.3350
0.3350 0.3350 0.3350 0.3350 0.3350 0.3350 0.3350 0.3350 0.3350 0.3350 0.3350 0.3350 0.3350 0.3350 0.3350 0.3350 0.3350 0.3350 0.3350 0.3350 0.3350 0.3350 0.3350 0.3350 0.3350 0.3350 0.3350 0.3350 0.3350 0.3350 0.3350 0.3350 0.3350 0.3350 0.3350 0.3350 0.3350 0.3350 0.3350 0.6656 0.6694 0.6663 0.6730 0.6732 0.6696 0.6684 0.6619 1.0000 0.6718 0.6671 0.6667 0.6646 0.6632 0.3350 0.3350 0.3350 0.3350 0.3350 0.3350 0.3350
0.3350 0.3350 0.3350 0.3350 0.3350 0.3350 0.3350 0.3350 0.3350 0.3350 0.3350 0.3350 0.3350 0.3350 0.3350 0.3350 0.3350 0.3350 0.3350 0.3350 0.3350 0.3350 0.3350 0.3350 0.3350 0.3350 0.3350 0.3350 0.3350 0.3350 0.3350 0.3350 0.3350 0.3350 0.3350 0.3350 0.3350 0.3350 0.3350 0.6676 0.6653 0.6634 0.6739 0.6738 0.6732 0.6742 0.6625 0.6718 1.0000 0.6712 0.6603 0.6690 0.6718 0.3350 0.3350 0.3350 0.3350 0.3350 0.3350 0.3350
0.3350 0.3350 0.3350 0.3350 0.3350 0.3350 0.3350 0.3350 0.3350 0.3350 0.3350 0.3350 0.3350 0.3350 0.3350 0.3350 0.3350 0.3350 0.3350 0.3350 0.3350 0.3350 0.3350 0.3350 0.3350 0.3350 0.3350 0.3350 0.3350 0.3350 0.3350 0.3350 0.3350 0.3350 0.3350 0.3350 0.3350 0.3350 0.3350 0.6665 0.6640 0.6648 0.6721 0.6717 0.6659 0.6702 0.6702 0.6671 0.6712 1.0000 0.6694 0.6758 0.6697 0.3350 0.3350 0.3350 0.3350 0.3350 0.3350 0.3350
0.3350 0.3350 0.3350 0.3350 0.3350 0.3350 0.3350 0.3350 0.3350 0.3350 0.3350 0.3350 0.3350 0.3350 0.3350 0.3350 0.3350 0.3350 0.3350 0.3350 0.3350 0.3350 0.3350 0.3350 0.3350 0.3350 0.3350 0.3350 0.3350 0.3350 0.3350 0.3350 0.3350 0.3350 0.3350 0.3350 0.3350 0.3350 0.3350 0.6513 0.6673 0.6638 0.6661 0.6706 0.6668 0.6707 0.6615 0.6667 0.6603 0.6694 1.0000 0.6629 0.6679 0.3350 0.3350 0.3350 0.3350 0.3350 0.3350 0.3350
0.3350 0.3350 0.3350 0.3350 0.3350 0.3350 0.3350 0.3350 0.3350 0.3350 0.3350 0.3350 0.3350 0.3350 0.3350 0.3350 0.3350 0.3350 0.3350 0.3350 0.3350 0.3350 0.3350 0.3350 0.3350 0.3350 0.3350 0.3350 0.3350 0.3350 0.3350 0.3350 0.3350 0.3350 0.3350 0.3350 0.3350 0.3350 0.3350 0.6648 0.6680 0.6691 0.6738 0.6698 0.6662 0.6727 0.6622 0.6646 0.6690 0.6758 0.6629 1.0000 0.6734 0.3350 0.3350 0.3350 0.3350 0.3350 0.3350 0.3350
0.3350 0.3350 0.3350 0.3350 0.3350 0.3350 0.3350 0.3350 0.3350 0.3350 0.3350 0.3350 0.3350 0.3350 0.3350 0.3350 0.3350 0.3350 0.3350 0.3350 0.3350 0.3350 0.3350 0.3350 0.3350 0.3350 0.3350 0.3350 0.3350 0.3350 0.3350 0.3350 0.3350 0.3350 0.3350 0.3350 0.3350 0.3350 0.3350 0.6610 0.6652 0.6641 0.6669 0.6714 0.6649 0.6727 0.6656 0.6632 0.6718 0.6697 0.6679 0.6734 1.0000 0.3350 0.3350 0.3350 0.3350 0.3350 0.3350 0.3350
0.3350 0.3350 0.3350 0.3350 0.3350 0.3350 0.3350 0.3350 0.3350 0.3350 0.3350 0.3350 0.3350 0.3350 0.3350 0.3350 0.3350 0.3350 0.3350 0.3350 0.3350 0.3350 0.3350 0.3350 0.3350 0.3350 0.3350 0.3350 0.3350 0.3350 0.3350 0.3350 0.3350 0.3350 0.3350 0.3350 0.3350 0.3350 0.3350 0.3350 0.3350 0.3350 0.3350 0.3350 0.3350 0.3350 0.3350 0.3350 0.3350 0.3350 0.3350 0.3350 0.3350 1.0000 0.6205 0.6152 0.6162 0.6186 0.6129 0.6183
0.3350 0.3350 0.3350 0.3350 0.3350 0.3350 0.3350 0.3350 0.3350 0.3350 0.3350 0.3350 0.3350 0.3350 0.3350 0.3350 0.3350 0.3350 0.3350 0.3350 0.3350 0.3350 0.3350 0.3350 0.3350 0.3350 0.3350 0.3350 0.3350 0.3350 0.3350 0.3350 0.3350 0.3350 0.3350 0.3350 0.3350 0.3350 0.3350 0.3350 0.3350 0.3350 0.3350 0.3350 0.3350 0.3350 0.3350 0.3350 0.3350 0.3350 0.3350 0.3350 0.3350 0.6205 1.0000 0.6105 0.6213 0.6238 0.6196 0.6210
0.3350 0.3350 0.3350 0.3350 0.3350 0.3350 0.3350 0.3350 0.3350 0.3350 0.3350 0.3350 0.3350 0.3350 0.3350 0.3350 0.3350 0.3350 0.3350 0.3350 0.3350 0.3350 0.3350 0.3350 0.3350 0.3350 0.3350 0.3350 0.3350 0.3350 0.3350 0.3350 0.3350 0.3350 0.3350 0.3350 0.3350 0.3350 0.3350 0.3350 0.3350 0.3350 0.3350 0.3350 0.3350 0.3350 0.3350 0.3350 0.3350 0.3350 0.3350 0.3350 0.3350 0.6152 0.6105 1.0000 0.6097 0.6127 0.6123 0.6138
0.3350 0.3350 0.3350 0.3350 0.3350 0.3350 0.3350 0.3350 0.3350 0.3350 0.3350 0.3350 0.3350 0.3350 0.3350 0.3350 0.3350 0.3350 0.3350 0.3350 0.3350 0.3350 0.3350 0.3350 0.3350 0.3350 0.3350 0.3350 0.3350 0.3350 0.3350 0.3350 0.3350 0.3350 0.3350 0.3350 0.3350 0.3350 0.3350 0.3350 0.3350 0.3350 0.3350 0.3350 0.3350 0.3350 0.3350 0.3350 0.3350 0.3350 0.3350 0.3350 0.3350 0.6162 0.6213 0.6097 1.0000 0.6135 0.6130 0.6151
0.3350 0.3350 0.3350 0.3350 0.3350 0.3350 0.3350 0.3350 0.3350 0.3350 0.3350 0.3350 0.3350 0.3350 0.3350 0.3350 0.3350 0.3350 0.3350 0.3350 0.3350 0.3350 0.3350 0.3350 0.3350 0.3350 0.3350 0.3350 0.3350 0.3350 0.3350 0.3350 0.3350 0.3350 0.3350 0.3350 0.3350 0.3350 0.3350 0.3350 0.3350 0.3350 0.3350 0.3350 0.3350 0.3350 0.3350 0.3350 0.3350 0.3350 0.3350 0.3350 0.3350 0.6186 0.6238 0.6127 0.6135 1.0000 0.6145 0.6150
0.3350 0.3350 0.3350 0.3350 0.3350 0.3350 0.3350 0.3350 0.3350 0.3350 0.3350 0.3350 0.3350 0.3350 0.3350 0.3350 0.3350 0.3350 0.3350 0.3350 0.3350 0.3350 0.3350 0.3350 0.3350 0.3350 0.3350 0.3350 0.3350 0.3350 0.3350 0.3350 0.3350 0.3350 0.3350 0.3350 0.3350 0.3350 0.3350 0.3350 0.3350 0.3350 0.3350 0.3350 0.3350 0.3350 0.3350 0.3350 0.3350 0.3350 0.3350 0.3350 0.3350 0.6129 0.6196 0.6123 0.6130 0.6145 1.0000 0.6164
0.3350 0.3350 0.3350 0.3350 0.3350 0.3350 0.3350 0.3350 0.3350 0.3350 0.3350 0.3350 0.3350 0.3350 0.3350 0.3350 0.3350 0.3350 0.3350 0.3350 0.3350 0.3350 0.3350 0.3350 0.3350 0.3350 0.3350 0.3350 0.3350 0.3350 0.3350 0.3350 0.3350 0.3350 0.3350 0.3350 0.3350 0.3350 0.3350 0.3350 0.3350 0.3350 0.3350 0.3350 0.3350 0.3350 0.3350 0.3350 0.3350 0.3350 0.3350 0.3350 0.3350 0.6183 0.6210 0.6138 0.6151 0.6150 0.6164 1.0000
