20 1.000000 1.000000 1.000000 0.000000 0.000000 0.000000 0.401061 0.160989 0.097275
30 0.933333 0.933333 0.933333 0.000000 0.000000 0.000000 0.379623 0.154596 0.090883
40 1.000000 1.000000 0.950000 0.000000 0.000000 0.000000 0.381913 0.146184 0.095100
50 1.000000 1.000000 0.900000 0.000000 0.000000 0.000000 0.371299 0.138423 0.094230
60 0.966667 0.966667 0.650000 0.000000 0.000000 0.000000 0.343157 0.122320 0.089233
70 0.885714 0.885714 0.400000 0.000000 0.000000 0.000000 0.298851 0.101632 0.080457
80 0.762500 0.750000 0.300000 0.000000 0.000000 0.000000 0.253176 0.084666 0.069125
90 0.577778 0.488889 0.188889 0.000000 0.000000 0.000000 0.183293 0.058912 0.051939
100 0.470000 0.360000 0.050000 0.000000 0.000000 0.000000 0.147328 0.044855 0.043735
110 0.318182 0.209091 0.036364 0.000000 0.000000 0.000000 0.099716 0.028715 0.031109
120 0.166667 0.125000 0.008333 0.000000 0.000000 0.000000 0.054041 0.015721 0.017258
130 0.007692 0.007692 0.000000 0.000000 0.000000 0.000000 0.004729 0.001091 0.001704
140 0.014286 0.007143 0.000000 0.000000 0.000000 0.000000 0.006905 0.001709 0.002418
150 0.000000 0.000000 0.000000 0.000000 0.000000 0.000000 0.000000 0.000000 0.000000
160 0.000000 0.000000 0.000000 0.000000 0.000000 0.000000 0.000000 0.000000 0.000000
170 0.000000 0.000000 0.000000 0.000000 0.000000 0.000000 0.000000 0.000000 0.000000
180 0.000000 0.000000 0.000000 0.000000 0.000000 0.000000 0.000000 0.000000 0.000000
190 0.000000 0.000000 0.000000 0.000000 0.000000 0.000000 0.000000 0.000000 0.000000
200 0.000000 0.000000 0.000000 0.000000 0.000000 0.000000 0.000000 0.000000 0.000000
210 0.000000 0.000000 0.000000 0.000000 0.000000 0.000000 0.000000 0.000000 0.000000
220 0.000000 0.000000 0.000000 0.000000 0.000000 0.000000 0.000000 0.000000 0.000000
230 0.000000 0.000000 0.000000 0.000000 0.000000 0.000000 0.000000 0.000000 0.000000
240 0.000000 0.000000 0.000000 0.000000 0.000000 0.000000 0.000197 0.000001 0.014221
250 0.000000 0.000000 0.000000 0.000000 0.000000 0.000000 0.000245 0.000001 0.017078
260 0.000000 0.000000 0.000000 0.000000 0.000000 0.000000 0.000861 0.000004 0.103738
270 0.000000 0.000000 0.000000 0.000000 0.000000 0.000000 0.001007 0.000003 0.158959
280 0.000000 0.000000 0.000000 0.000000 0.000000 0.000000 0.001075 0.000004 0.154618
290 0.000000 0.000000 0.000000 0.000000 0.000000 0.000000 0.000991 0.000003 0.146345
300 0.000000 0.000000 0.000000 0.000000 0.000000 0.000000 0.001114 0.000003 0.182233
310 0.000000 0.000000 0.000000 0.000000 0.000000 0.000000 0.001106 0.000004 0.180765
320 0.000000 0.000000 0.000000 0.000000 0.000000 0.000000 0.001062 0.000003 0.187945
330 0.000000 0.000000 0.000000 0.000000 0.000000 0.000000 0.000939 0.000002 0.184300
340 0.000000 0.000000 0.000000 0.000000 0.000000 0.000000 0.001067 0.000003 0.192771
350 0.000000 0.000000 0.000000 0.000000 0.000000 0.000000 0.001002 0.000002 0.204249
360 0.000000 0.000000 0.000000 0.000000 0.000000 0.000000 0.001055 0.000004 0.210333
370 0.000000 0.000000 0.000000 0.000000 0.000000 0.000000 0.000893 0.000002 0.227577
380 0.000000 0.000000 0.000000 0.000000 0.000000 0.000000 0.000990 0.000003 0.223953
390 0.000000 0.000000 0.000000 0.000000 0.000000 0.000000 0.000974 0.000003 0.210131
400 0.000000 0.000000 0.000000 0.000000 0.000000 0.000000 0.000964 0.000003 0.209588
410 0.000000 0.000000 0.000000 0.000000 0.000000 0.000000 0.001025 0.000003 0.237245
420 0.000000 0.000000 0.000000 0.000000 0.000000 0.000000 0.000889 0.000002 0.250575
430 0.000000 0.000000 0.000000 0.000000 0.000000 0.000000 0.000900 0.000002 0.232867
440 0.000000 0.000000 0.000000 0.000000 0.000000 0.000000 0.000943 0.000003 0.253711
450 0.000000 0.000000 0.000000 0.000000 0.000000 0.000000 0.001014 0.000003 0.234878
460 0.000000 0.000000 0.000000 0.000000 0.000000 0.000000 0.000977 0.000003 0.237148
470 0.000000 0.000000 0.000000 0.000000 0.000000 0.000000 0.000828 0.000002 0.250964
480 0.000000 0.000000 0.000000 0.000000 0.000000 0.000000 0.000890 0.000002 0.244875
490 0.000000 0.000000 0.000000 0.000000 0.000000 0.000000 0.000910 0.000003 0.278108
500 0.000000 0.000000 0.000000 0.000000 0.000000 0.000000 0.000908 0.000002 0.250791
510 0.000000 0.000000 0.000000 0.000000 0.000000 0.000000 0.000875 0.000002 0.265682
520 0.000000 0.000000 0.000000 0.000000 0.000000 0.000000 0.000850 0.000002 0.254470
530 0.000000 0.000000 0.000000 0.000000 0.000000 0.000000 0.000780 0.000002 0.257514
540 0.000000 0.000000 0.000000 0.000000 0.000000 0.000000 0.000717 0.000001 0.251047
550 0.000000 0.000000 0.000000 0.000000 0.000000 0.000000 0.000787 0.000002 0.255784
560 0.000000 0.000000 0.000000 0.000000 0.000000 0.000000 0.000915 0.000002 0.273361
570 0.000000 0.000000 0.000000 0.000000 0.000000 0.000000 0.000784 0.000002 0.264679
580 0.000000 0.000000 0.000000 0.000000 0.000000 0.000000 0.000851 0.000002 0.295560
590 0.000000 0.000000 0.000000 0.000000 0.000000 0.000000 0.000815 0.000002 0.282391
600 0.000000 0.000000 0.000000 0.000000 0.000000 0.000000 0.000701 0.000001 0.257239
610 0.000000 0.000000 0.000000 0.000000 0.000000 0.000000 0.000747 0.000002 0.290605
620 0.000000 0.000000 0.000000 0.000000 0.000000 0.000000 0.000751 0.000002 0.272209
630 0.000000 0.000000 0.000000 0.000000 0.000000 0.000000 0.000814 0.000002 0.294360
640 0.000000 0.000000 0.000000 0.000000 0.000000 0.000000 0.000730 0.000002 0.285509
650 0.000000 0.000000 0.000000 0.000000 0.000000 0.000000 0.000758 0.000002 0.265734
660 0.000000 0.000000 0.000000 0.000000 0.000000 0.000000 0.000786 0.000002 0.269772
670 0.000000 0.000000 0.000000 0.000000 0.000000 0.000000 0.000848 0.000002 0.291516
680 0.000000 0.000000 0.000000 0.000000 0.000000 0.000000 0.000757 0.000002 0.292085
690 0.000000 0.000000 0.000000 0.000000 0.000000 0.000000 0.000721 0.000001 0.289083
700 0.000000 0.000000 0.000000 0.000000 0.000000 0.000000 0.000820 0.000002 0.297230
710 0.000000 0.000000 0.000000 0.000000 0.000000 0.000000 0.000745 0.000002 0.284871
720 0.000000 0.000000 0.000000 0.000000 0.000000 0.000000 0.000770 0.000002 0.282519
730 0.000000 0.000000 0.000000 0.000000 0.000000 0.000000 0.000788 0.000002 0.339437
740 0.000000 0.000000 0.000000 0.000000 0.000000 0.000000 0.000707 0.000001 0.290671
750 0.000000 0.000000 0.000000 0.000000 0.000000 0.000000 0.000818 0.000002 0.301108
760 0.000000 0.000000 0.000000 0.000000 0.000000 0.000000 0.000758 0.000001 0.276600
770 0.000000 0.000000 0.000000 0.000000 0.000000 0.000000 0.000762 0.000002 0.297088
780 0.000000 0.000000 0.000000 0.000000 0.000000 0.000000 0.000731 0.000001 0.310197
790 0.000000 0.000000 0.000000 0.000000 0.000000 0.000000 0.000742 0.000001 0.310708
800 0.000000 0.000000 0.000000 0.000000 0.000000 0.000000 0.000740 0.000002 0.297509
810 0.000000 0.000000 0.000000 0.000000 0.000000 0.000000 0.000744 0.000002 0.321162
820 0.000000 0.000000 0.000000 0.000000 0.000000 0.000000 0.000730 0.000002 0.298904
830 0.000000 0.000000 0.000000 0.000000 0.000000 0.000000 0.000732 0.000001 0.316870
840 0.000000 0.000000 0.000000 0.000000 0.000000 0.000000 0.000668 0.000001 0.315208
850 0.000000 0.000000 0.000000 0.000000 0.000000 0.000000 0.000689 0.000001 0.301549
860 0.000000 0.000000 0.000000 0.000000 0.000000 0.000000 0.000725 0.000001 0.304015
870 0.000000 0.000000 0.000000 0.000000 0.000000 0.000000 0.000679 0.000001 0.329488
880 0.000000 0.000000 0.000000 0.000000 0.000000 0.000000 0.000695 0.000001 0.318408
890 0.000000 0.000000 0.000000 0.000000 0.000000 0.000000 0.000674 0.000001 0.315549
900 0.000000 0.000000 0.000000 0.000000 0.000000 0.000000 0.000689 0.000001 0.313993
910 0.000000 0.000000 0.000000 0.000000 0.000000 0.000000 0.000688 0.000001 0.308729
920 0.000000 0.000000 0.000000 0.000000 0.000000 0.000000 0.000660 0.000001 0.298061
930 0.000000 0.000000 0.000000 0.000000 0.000000 0.000000 0.000663 0.000001 0.296430
940 0.000000 0.000000 0.000000 0.000000 0.000000 0.000000 0.000648 0.000001 0.308006
950 0.000000 0.000000 0.000000 0.000000 0.000000 0.000000 0.000633 0.000001 0.292041
960 0.000000 0.000000 0.000000 0.000000 0.000000 0.000000 0.000654 0.000001 0.327605
970 0.000000 0.000000 0.000000 0.000000 0.000000 0.000000 0.000695 0.000001 0.304173
980 0.000000 0.000000 0.000000 0.000000 0.000000 0.000000 0.000680 0.000001 0.320328
990 0.000000 0.000000 0.000000 0.000000 0.000000 0.000000 0.000655 0.000001 0.326173
1000 0.000000 0.000000 0.000000 0.000000 0.000000 0.000000 0.000615 0.000001 0.317557
1010 0.000000 0.000000 0.000000 0.000000 0.000000 0.000000 0.000659 0.000001 0.300806
20 1.000000 1.000000 1.000000 0.000000 0.000000 0.000000 0.523991 0.274657 0.099150
30 0.933333 0.933333 0.933333 0.000000 0.000000 0.000000 0.486545 0.253705 0.092600
40 1.000000 1.000000 1.000000 0.000000 0.000000 0.000000 0.516631 0.267002 0.098887
50 1.000000 1.000000 1.000000 0.000000 0.000000 0.000000 0.513651 0.263918 0.098680
60 1.000000 1.000000 1.000000 0.000000 0.000000 0.000000 0.510876 0.261119 0.098567
70 1.000000 1.000000 1.000000 0.000000 0.000000 0.000000 0.510321 0.260571 0.098843
80 1.000000 1.000000 1.000000 0.000000 0.000000 0.000000 0.508430 0.258625 0.098544
90 1.000000 1.000000 1.000000 0.000000 0.000000 0.000000 0.503148 0.253278 0.098528
100 1.000000 1.000000 1.000000 0.000000 0.000000 0.000000 0.500880 0.251009 0.098565
110 1.000000 1.000000 1.000000 0.000000 0.000000 0.000000 0.498294 0.248476 0.098509
120 1.000000 1.000000 1.000000 0.000000 0.000000 0.000000 0.497197 0.247404 0.098750
130 1.000000 1.000000 1.000000 0.000000 0.000000 0.000000 0.494125 0.244353 0.098788
140 1.000000 1.000000 1.000000 0.000000 0.000000 0.000000 0.490747 0.241074 0.098575
150 1.000000 1.000000 1.000000 0.000000 0.000000 0.000000 0.488427 0.238775 0.098727
160 1.000000 1.000000 1.000000 0.000000 0.000000 0.000000 0.482772 0.233289 0.098850
170 1.000000 1.000000 0.988235 0.000000 0.000000 0.000000 0.477957 0.228765 0.098635
180 1.000000 1.000000 1.000000 0.000000 0.000000 0.000000 0.477232 0.228054 0.099197
190 1.000000 1.000000 1.000000 0.000000 0.000000 0.000000 0.472758 0.223778 0.099458
200 1.000000 1.000000 0.980000 0.000000 0.000000 0.000000 0.467864 0.219274 0.099945
210 1.000000 1.000000 0.980952 0.000000 0.000000 0.000000 0.461077 0.212985 0.100943
220 1.000000 1.000000 0.977273 0.000000 0.000000 0.000000 0.455332 0.207846 0.100641
230 1.000000 1.000000 0.926087 0.000000 0.000000 0.000000 0.452655 0.205403 0.101454
240 1.000000 0.991667 0.875000 0.000000 0.000000 0.000000 0.441501 0.195665 0.102317
250 1.000000 1.000000 0.852000 0.000000 0.000000 0.000000 0.436512 0.191299 0.104388
260 0.992308 0.980769 0.796154 0.000000 0.000000 0.000000 0.424315 0.182414 0.103704
270 0.996296 0.988889 0.770370 0.000000 0.000000 0.000000 0.418084 0.176456 0.106315
280 0.960714 0.946429 0.525000 0.000000 0.000000 0.000000 0.387415 0.156176 0.105975
290 0.951724 0.900000 0.496552 0.000000 0.000000 0.000000 0.378202 0.149438 0.106948
300 0.900000 0.770000 0.340000 0.000000 0.000000 0.000000 0.342003 0.129804 0.103632
310 0.661290 0.545161 0.141935 0.000000 0.000000 0.000000 0.250080 0.089457 0.094032
320 0.650000 0.490625 0.121875 0.000000 0.000000 0.000000 0.244350 0.084174 0.090228
330 0.442424 0.318182 0.072727 0.000000 0.000000 0.000000 0.168349 0.056025 0.082570
340 0.305882 0.202941 0.038235 0.000000 0.000000 0.000000 0.110109 0.036433 0.069315
350 0.120000 0.077143 0.008571 0.000000 0.000000 0.000000 0.052643 0.015444 0.126896
360 0.036111 0.016667 0.000000 0.000000 0.000000 0.000000 0.019710 0.004502 0.139200
370 0.016216 0.013514 0.000000 0.000000 0.000000 0.000000 0.011105 0.002339 0.251849
380 0.018421 0.002632 0.000000 0.000000 0.000000 0.000000 0.009342 0.001870 0.232795
390 0.002564 0.002564 0.000000 0.000000 0.000000 0.000000 0.004311 0.000371 0.262241
400 0.000000 0.000000 0.000000 0.000000 0.000000 0.000000 0.003372 0.000020 0.341094
410 0.000000 0.000000 0.000000 0.000000 0.000000 0.000000 0.003069 0.000028 0.291449
420 0.000000 0.000000 0.000000 0.000000 0.000000 0.000000 0.003366 0.000020 0.363526
430 0.000000 0.000000 0.000000 0.000000 0.000000 0.000000 0.003089 0.000017 0.317286
440 0.000000 0.000000 0.000000 0.000000 0.000000 0.000000 0.003415 0.000021 0.363052
450 0.000000 0.000000 0.000000 0.000000 0.000000 0.000000 0.003274 0.000018 0.363928
460 0.000000 0.000000 0.000000 0.000000 0.000000 0.000000 0.003285 0.000018 0.373000
470 0.000000 0.000000 0.000000 0.000000 0.000000 0.000000 0.003343 0.000019 0.384170
480 0.000000 0.000000 0.000000 0.000000 0.000000 0.000000 0.003122 0.000016 0.367135
490 0.000000 0.000000 0.000000 0.000000 0.000000 0.000000 0.003290 0.000018 0.397332
500 0.000000 0.000000 0.000000 0.000000 0.000000 0.000000 0.003262 0.000017 0.410790
510 0.000000 0.000000 0.000000 0.000000 0.000000 0.000000 0.003155 0.000016 0.410453
520 0.000000 0.000000 0.000000 0.000000 0.000000 0.000000 0.003187 0.000016 0.393397
530 0.000000 0.000000 0.000000 0.000000 0.000000 0.000000 0.002799 0.000013 0.385025
540 0.000000 0.000000 0.000000 0.000000 0.000000 0.000000 0.003288 0.000017 0.428903
550 0.000000 0.000000 0.000000 0.000000 0.000000 0.000000 0.003227 0.000017 0.422424
560 0.000000 0.000000 0.000000 0.000000 0.000000 0.000000 0.003382 0.000017 0.435191
570 0.000000 0.000000 0.000000 0.000000 0.000000 0.000000 0.003225 0.000017 0.420095
580 0.000000 0.000000 0.000000 0.000000 0.000000 0.000000 0.003317 0.000017 0.458225
590 0.000000 0.000000 0.000000 0.000000 0.000000 0.000000 0.003287 0.000017 0.454745
600 0.000000 0.000000 0.000000 0.000000 0.000000 0.000000 0.003410 0.000018 0.432459
610 0.000000 0.000000 0.000000 0.000000 0.000000 0.000000 0.003224 0.000017 0.454930
620 0.000000 0.000000 0.000000 0.000000 0.000000 0.000000 0.003095 0.000016 0.442328
630 0.000000 0.000000 0.000000 0.000000 0.000000 0.000000 0.003260 0.000018 0.459563
640 0.000000 0.000000 0.000000 0.000000 0.000000 0.000000 0.003320 0.000017 0.470567
650 0.000000 0.000000 0.000000 0.000000 0.000000 0.000000 0.003396 0.000018 0.473806
660 0.000000 0.000000 0.000000 0.000000 0.000000 0.000000 0.003232 0.000016 0.471091
670 0.000000 0.000000 0.000000 0.000000 0.000000 0.000000 0.003051 0.000014 0.465073
680 0.000000 0.000000 0.000000 0.000000 0.000000 0.000000 0.003190 0.000016 0.473440
690 0.000000 0.000000 0.000000 0.000000 0.000000 0.000000 0.003267 0.000017 0.475762
700 0.000000 0.000000 0.000000 0.000000 0.000000 0.000000 0.003076 0.000015 0.470069
710 0.000000 0.000000 0.000000 0.000000 0.000000 0.000000 0.003216 0.000017 0.487282
720 0.000000 0.000000 0.000000 0.000000 0.000000 0.000000 0.003125 0.000015 0.484344
730 0.000000 0.000000 0.000000 0.000000 0.000000 0.000000 0.003077 0.000015 0.484605
740 0.000000 0.000000 0.000000 0.000000 0.000000 0.000000 0.003099 0.000014 0.470564
750 0.000000 0.000000 0.000000 0.000000 0.000000 0.000000 0.003006 0.000014 0.485262
760 0.000000 0.000000 0.000000 0.000000 0.000000 0.000000 0.003227 0.000016 0.487821
770 0.000000 0.000000 0.000000 0.000000 0.000000 0.000000 0.003294 0.000017 0.502634
780 0.000000 0.000000 0.000000 0.000000 0.000000 0.000000 0.003136 0.000015 0.515685
790 0.000000 0.000000 0.000000 0.000000 0.000000 0.000000 0.003369 0.000017 0.518171
800 0.000000 0.000000 0.000000 0.000000 0.000000 0.000000 0.003314 0.000017 0.510733
810 0.000000 0.000000 0.000000 0.000000 0.000000 0.000000 0.003272 0.000016 0.532301
820 0.000000 0.000000 0.000000 0.000000 0.000000 0.000000 0.003286 0.000017 0.520280
830 0.000000 0.000000 0.000000 0.000000 0.000000 0.000000 0.003150 0.000015 0.533751
840 0.000000 0.000000 0.000000 0.000000 0.000000 0.000000 0.002970 0.000014 0.498192
850 0.000000 0.000000 0.000000 0.000000 0.000000 0.000000 0.003203 0.000016 0.527616
860 0.000000 0.000000 0.000000 0.000000 0.000000 0.000000 0.003324 0.000017 0.538887
870 0.000000 0.000000 0.000000 0.000000 0.000000 0.000000 0.003158 0.000015 0.543530
880 0.000000 0.000000 0.000000 0.000000 0.000000 0.000000 0.003099 0.000015 0.520902
890 0.000000 0.000000 0.000000 0.000000 0.000000 0.000000 0.003342 0.000016 0.540678
900 0.000000 0.000000 0.000000 0.000000 0.000000 0.000000 0.002937 0.000013 0.520543
910 0.000000 0.000000 0.000000 0.000000 0.000000 0.000000 0.003044 0.000015 0.521958
920 0.000000 0.000000 0.000000 0.000000 0.000000 0.000000 0.003110 0.000015 0.516655
930 0.000000 0.000000 0.000000 0.000000 0.000000 0.000000 0.003323 0.000017 0.548849
940 0.000000 0.000000 0.000000 0.000000 0.000000 0.000000 0.003189 0.000015 0.537752
950 0.000000 0.000000 0.000000 0.000000 0.000000 0.000000 0.003152 0.000015 0.536275
960 0.000000 0.000000 0.000000 0.000000 0.000000 0.000000 0.003084 0.000015 0.551609
970 0.000000 0.000000 0.000000 0.000000 0.000000 0.000000 0.003157 0.000015 0.542539
980 0.000000 0.000000 0.000000 0.000000 0.000000 0.000000 0.003438 0.000018 0.552418
990 0.000000 0.000000 0.000000 0.000000 0.000000 0.000000 0.003067 0.000014 0.540832
1000 0.000000 0.000000 0.000000 0.000000 0.000000 0.000000 0.003161 0.000015 0.572002
1010 0.000000 0.000000 0.000000 0.000000 0.000000 0.000000 0.003161 0.000015 0.536438
20 1.000000 1.000000 1.000000 0.000000 0.000000 0.000000 0.581016 0.337760 0.099275
30 0.933333 0.933333 0.933333 0.000000 0.000000 0.000000 0.541234 0.313952 0.092917
40 1.000000 1.000000 1.000000 0.000000 0.000000 0.000000 0.575364 0.331180 0.099250
50 1.000000 1.000000 1.000000 0.000000 0.000000 0.000000 0.576643 0.332601 0.099320
60 1.000000 1.000000 1.000000 0.000000 0.000000 0.000000 0.574325 0.329952 0.099317
70 1.000000 1.000000 1.000000 0.000000 0.000000 0.000000 0.570335 0.325378 0.099186
80 1.000000 1.000000 1.000000 0.000000 0.000000 0.000000 0.570817 0.325935 0.099306
90 1.000000 1.000000 1.000000 0.000000 0.000000 0.000000 0.569389 0.324305 0.099117
100 1.000000 1.000000 1.000000 0.000000 0.000000 0.000000 0.568949 0.323838 0.099085
110 1.000000 1.000000 1.000000 0.000000 0.000000 0.000000 0.568514 0.323332 0.099214
120 1.000000 1.000000 1.000000 0.000000 0.000000 0.000000 0.566848 0.321453 0.099129
130 1.000000 1.000000 1.000000 0.000000 0.000000 0.000000 0.563434 0.317626 0.099019
140 1.000000 1.000000 1.000000 0.000000 0.000000 0.000000 0.564395 0.318667 0.099082
150 1.000000 1.000000 1.000000 0.000000 0.000000 0.000000 0.562189 0.316208 0.099130
160 1.000000 1.000000 1.000000 0.000000 0.000000 0.000000 0.562115 0.316098 0.099131
170 1.000000 1.000000 1.000000 0.000000 0.000000 0.000000 0.558548 0.312119 0.099100
180 1.000000 1.000000 1.000000 0.000000 0.000000 0.000000 0.557527 0.310955 0.099206
190 1.000000 1.000000 1.000000 0.000000 0.000000 0.000000 0.557011 0.310433 0.099076
200 1.000000 1.000000 1.000000 0.000000 0.000000 0.000000 0.555962 0.309257 0.099210
210 1.000000 1.000000 1.000000 0.000000 0.000000 0.000000 0.554020 0.307128 0.099167
220 1.000000 1.000000 1.000000 0.000000 0.000000 0.000000 0.554343 0.307486 0.099473
230 1.000000 1.000000 1.000000 0.000000 0.000000 0.000000 0.553505 0.306548 0.099448
240 1.000000 1.000000 1.000000 0.000000 0.000000 0.000000 0.549948 0.302610 0.099681
250 1.000000 1.000000 1.000000 0.000000 0.000000 0.000000 0.549358 0.302019 0.099558
260 1.000000 1.000000 1.000000 0.000000 0.000000 0.000000 0.547890 0.300394 0.099838
270 1.000000 1.000000 1.000000 0.000000 0.000000 0.000000 0.547637 0.300094 0.100198
280 1.000000 1.000000 1.000000 0.000000 0.000000 0.000000 0.546294 0.298655 0.100300
290 1.000000 1.000000 1.000000 0.000000 0.000000 0.000000 0.544678 0.296892 0.100531
300 1.000000 1.000000 1.000000 0.000000 0.000000 0.000000 0.541725 0.293695 0.100812
310 1.000000 1.000000 1.000000 0.000000 0.000000 0.000000 0.539889 0.291727 0.101282
320 1.000000 1.000000 1.000000 0.000000 0.000000 0.000000 0.540094 0.291904 0.101252
330 1.000000 1.000000 1.000000 0.000000 0.000000 0.000000 0.537593 0.289251 0.101782
340 1.000000 1.000000 1.000000 0.000000 0.000000 0.000000 0.532716 0.284066 0.102651
350 1.000000 1.000000 0.997143 0.000000 0.000000 0.000000 0.532383 0.283717 0.102603
360 1.000000 1.000000 1.000000 0.000000 0.000000 0.000000 0.528252 0.279362 0.103415
370 0.997297 0.997297 0.994595 0.000000 0.000000 0.000000 0.520843 0.272415 0.104888
380 1.000000 1.000000 0.997368 0.000000 0.000000 0.000000 0.522692 0.273609 0.104526
390 1.000000 1.000000 0.992308 0.000000 0.000000 0.000000 0.518743 0.269523 0.105491
400 0.997500 0.995000 0.977500 0.000000 0.000000 0.000000 0.508936 0.260369 0.109349
410 0.997561 0.997561 0.978049 0.000000 0.000000 0.000000 0.505767 0.256857 0.109394
420 0.959524 0.957143 0.942857 0.000000 0.000000 0.000000 0.483833 0.243197 0.120401
430 0.965116 0.955814 0.918605 0.000000 0.000000 0.000000 0.478069 0.237318 0.125348
440 0.934091 0.929545 0.861364 0.000000 0.000000 0.000000 0.459116 0.225282 0.134955
450 0.962222 0.953333 0.882222 0.000000 0.000000 0.000000 0.468535 0.228353 0.124843
460 0.754348 0.732609 0.652174 0.000000 0.000000 0.000000 0.359480 0.170247 0.207658
470 0.734043 0.702128 0.621277 0.000000 0.000000 0.000000 0.350748 0.163305 0.207597
480 0.675000 0.662500 0.568750 0.000000 0.000000 0.000000 0.322266 0.148763 0.231147
490 0.622449 0.600000 0.491837 0.000000 0.000000 0.000000 0.291522 0.131428 0.247098
500 0.388000 0.378000 0.284000 0.000000 0.000000 0.000000 0.181254 0.079010 0.363409
510 0.198039 0.192157 0.152941 0.000000 0.000000 0.000000 0.095851 0.040286 0.466494
520 0.201923 0.186538 0.126923 0.000000 0.000000 0.000000 0.097674 0.040001 0.429128
530 0.233962 0.220755 0.143396 0.000000 0.000000 0.000000 0.110539 0.043735 0.400437
540 0.033333 0.031481 0.016667 0.000000 0.000000 0.000000 0.020942 0.006177 0.558740
550 0.063636 0.054545 0.036364 0.000000 0.000000 0.000000 0.033636 0.011512 0.515479
560 0.051786 0.048214 0.028571 0.000000 0.000000 0.000000 0.029541 0.009591 0.521281
570 0.035088 0.028070 0.012281 0.000000 0.000000 0.000000 0.020639 0.005881 0.505991
580 0.010345 0.010345 0.006897 0.000000 0.000000 0.000000 0.011324 0.002136 0.569116
590 0.001695 0.001695 0.000000 0.000000 0.000000 0.000000 0.007004 0.000277 0.583914
600 0.003333 0.001667 0.000000 0.000000 0.000000 0.000000 0.007549 0.000447 0.582703
610 0.000000 0.000000 0.000000 0.000000 0.000000 0.000000 0.006330 0.000053 0.602086
620 0.001613 0.001613 0.001613 0.000000 0.000000 0.000000 0.007044 0.000362 0.577645
630 0.000000 0.000000 0.000000 0.000000 0.000000 0.000000 0.006332 0.000052 0.604982
640 0.000000 0.000000 0.000000 0.000000 0.000000 0.000000 0.006288 0.000052 0.614528
650 0.000000 0.000000 0.000000 0.000000 0.000000 0.000000 0.006574 0.000055 0.612382
660 0.000000 0.000000 0.000000 0.000000 0.000000 0.000000 0.006475 0.000055 0.614426
670 0.000000 0.000000 0.000000 0.000000 0.000000 0.000000 0.006360 0.000052 0.622001
680 0.000000 0.000000 0.000000 0.000000 0.000000 0.000000 0.006426 0.000056 0.657589
690 0.000000 0.000000 0.000000 0.000000 0.000000 0.000000 0.006236 0.000050 0.627783
700 0.000000 0.000000 0.000000 0.000000 0.000000 0.000000 0.006646 0.000057 0.645971
710 0.000000 0.000000 0.000000 0.000000 0.000000 0.000000 0.006462 0.000053 0.643920
720 0.000000 0.000000 0.000000 0.000000 0.000000 0.000000 0.006322 0.000051 0.632294
730 0.000000 0.000000 0.000000 0.000000 0.000000 0.000000 0.006132 0.000050 0.642324
740 0.000000 0.000000 0.000000 0.000000 0.000000 0.000000 0.006537 0.000054 0.663609
750 0.000000 0.000000 0.000000 0.000000 0.000000 0.000000 0.006459 0.000053 0.671002
760 0.000000 0.000000 0.000000 0.000000 0.000000 0.000000 0.006278 0.000050 0.648391
770 0.000000 0.000000 0.000000 0.000000 0.000000 0.000000 0.006403 0.000052 0.651484
780 0.000000 0.000000 0.000000 0.000000 0.000000 0.000000 0.006366 0.000052 0.664359
790 0.000000 0.000000 0.000000 0.000000 0.000000 0.000000 0.006509 0.000054 0.674170
800 0.000000 0.000000 0.000000 0.000000 0.000000 0.000000 0.006406 0.000052 0.680968
810 0.000000 0.000000 0.000000 0.000000 0.000000 0.000000 0.006230 0.000049 0.658507
820 0.000000 0.000000 0.000000 0.000000 0.000000 0.000000 0.006437 0.000052 0.672995
830 0.000000 0.000000 0.000000 0.000000 0.000000 0.000000 0.006283 0.000050 0.690866
840 0.000000 0.000000 0.000000 0.000000 0.000000 0.000000 0.006371 0.000052 0.686566
850 0.000000 0.000000 0.000000 0.000000 0.000000 0.000000 0.006299 0.000051 0.680493
860 0.000000 0.000000 0.000000 0.000000 0.000000 0.000000 0.006460 0.000053 0.699640
870 0.000000 0.000000 0.000000 0.000000 0.000000 0.000000 0.006498 0.000053 0.700694
880 0.000000 0.000000 0.000000 0.000000 0.000000 0.000000 0.006457 0.000053 0.691565
890 0.000000 0.000000 0.000000 0.000000 0.000000 0.000000 0.006227 0.000051 0.692093
900 0.000000 0.000000 0.000000 0.000000 0.000000 0.000000 0.006197 0.000050 0.678617
910 0.000000 0.000000 0.000000 0.000000 0.000000 0.000000 0.006238 0.000049 0.696156
920 0.000000 0.000000 0.000000 0.000000 0.000000 0.000000 0.006275 0.000051 0.699172
930 0.000000 0.000000 0.000000 0.000000 0.000000 0.000000 0.006269 0.000049 0.692066
940 0.000000 0.000000 0.000000 0.000000 0.000000 0.000000 0.006243 0.000049 0.687166
950 0.000000 0.000000 0.000000 0.000000 0.000000 0.000000 0.006341 0.000052 0.709182
960 0.000000 0.000000 0.000000 0.000000 0.000000 0.000000 0.006378 0.000051 0.718770
970 0.000000 0.000000 0.000000 0.000000 0.000000 0.000000 0.006226 0.000049 0.701058
980 0.000000 0.000000 0.000000 0.000000 0.000000 0.000000 0.006400 0.000051 0.723061
990 0.000000 0.000000 0.000000 0.000000 0.000000 0.000000 0.006093 0.000048 0.714586
1000 0.000000 0.000000 0.000000 0.000000 0.000000 0.000000 0.006366 0.000051 0.726406
1010 0.000000 0.000000 0.000000 0.000000 0.000000 0.000000 0.006257 0.000049 0.702673
20 1.000000 1.000000 1.000000 0.000000 0.000000 0.000000 0.618306 0.382477 0.099125
30 0.933333 0.933333 0.933333 0.000000 0.000000 0.000000 0.577716 0.357703 0.092767
40 1.000000 1.000000 1.000000 0.000000 0.000000 0.000000 0.619541 0.383931 0.099400
50 1.000000 1.000000 1.000000 0.000000 0.000000 0.000000 0.617219 0.381043 0.099300
60 1.000000 1.000000 1.000000 0.000000 0.000000 0.000000 0.616586 0.380276 0.099267
70 1.000000 1.000000 1.000000 0.000000 0.000000 0.000000 0.614565 0.377807 0.099229
80 1.000000 1.000000 1.000000 0.000000 0.000000 0.000000 0.612976 0.375886 0.099212
90 1.000000 1.000000 1.000000 0.000000 0.000000 0.000000 0.610735 0.373119 0.099150
100 1.000000 1.000000 1.000000 0.000000 0.000000 0.000000 0.612791 0.375642 0.099375
110 1.000000 1.000000 1.000000 0.000000 0.000000 0.000000 0.611670 0.374246 0.099355
120 1.000000 1.000000 1.000000 0.000000 0.000000 0.000000 0.610431 0.372760 0.099242
130 1.000000 1.000000 1.000000 0.000000 0.000000 0.000000 0.609570 0.371696 0.099308
140 1.000000 1.000000 1.000000 0.000000 0.000000 0.000000 0.609267 0.371349 0.099246
150 1.000000 1.000000 1.000000 0.000000 0.000000 0.000000 0.609861 0.372072 0.099257
160 1.000000 1.000000 1.000000 0.000000 0.000000 0.000000 0.607711 0.369458 0.099209
170 1.000000 1.000000 1.000000 0.000000 0.000000 0.000000 0.605764 0.367090 0.099241
180 1.000000 1.000000 1.000000 0.000000 0.000000 0.000000 0.605273 0.366469 0.099258
190 1.000000 1.000000 1.000000 0.000000 0.000000 0.000000 0.603393 0.364231 0.099124
200 1.000000 1.000000 1.000000 0.000000 0.000000 0.000000 0.606068 0.367441 0.099125
210 1.000000 1.000000 1.000000 0.000000 0.000000 0.000000 0.604691 0.365817 0.099283
220 1.000000 1.000000 1.000000 0.000000 0.000000 0.000000 0.602152 0.362721 0.099095
230 1.000000 1.000000 1.000000 0.000000 0.000000 0.000000 0.602728 0.363421 0.099150
240 1.000000 1.000000 1.000000 0.000000 0.000000 0.000000 0.601277 0.361708 0.099288
250 1.000000 1.000000 1.000000 0.000000 0.000000 0.000000 0.601856 0.362362 0.099314
260 1.000000 1.000000 1.000000 0.000000 0.000000 0.000000 0.600571 0.360825 0.099313
270 1.000000 1.000000 1.000000 0.000000 0.000000 0.000000 0.598672 0.358561 0.099228
280 1.000000 1.000000 1.000000 0.000000 0.000000 0.000000 0.599354 0.359393 0.099366
290 1.000000 1.000000 1.000000 0.000000 0.000000 0.000000 0.599580 0.359674 0.099405
300 1.000000 1.000000 1.000000 0.000000 0.000000 0.000000 0.598766 0.358694 0.099588
310 1.000000 1.000000 1.000000 0.000000 0.000000 0.000000 0.596394 0.355851 0.099568
320 1.000000 1.000000 1.000000 0.000000 0.000000 0.000000 0.596185 0.355590 0.099567
330 1.000000 1.000000 1.000000 0.000000 0.000000 0.000000 0.596950 0.356513 0.099776
340 1.000000 1.000000 1.000000 0.000000 0.000000 0.000000 0.592998 0.351814 0.099887
350 1.000000 1.000000 1.000000 0.000000 0.000000 0.000000 0.592995 0.351823 0.099990
360 1.000000 1.000000 1.000000 0.000000 0.000000 0.000000 0.592947 0.351784 0.100229
370 0.997297 0.997297 0.997297 0.000000 0.000000 0.000000 0.589117 0.348174 0.099845
380 1.000000 1.000000 1.000000 0.000000 0.000000 0.000000 0.591238 0.349754 0.100154
390 1.000000 1.000000 1.000000 0.000000 0.000000 0.000000 0.589834 0.348109 0.100453
400 1.000000 1.000000 1.000000 0.000000 0.000000 0.000000 0.590554 0.348951 0.100653
410 1.000000 1.000000 1.000000 0.000000 0.000000 0.000000 0.589390 0.347564 0.100752
420 0.997619 0.997619 0.997619 0.000000 0.000000 0.000000 0.585745 0.344094 0.100955
430 1.000000 1.000000 1.000000 0.000000 0.000000 0.000000 0.588250 0.346241 0.101291
440 0.997727 0.997727 0.997727 0.000000 0.000000 0.000000 0.584615 0.342763 0.101350
450 1.000000 1.000000 1.000000 0.000000 0.000000 0.000000 0.583653 0.340879 0.101642
460 1.000000 1.000000 1.000000 0.000000 0.000000 0.000000 0.582889 0.340010 0.102122
470 0.997872 0.997872 0.997872 0.000000 0.000000 0.000000 0.580799 0.338279 0.102205
480 1.000000 1.000000 1.000000 0.000000 0.000000 0.000000 0.579730 0.336344 0.103132
490 0.997959 0.997959 0.997959 0.000000 0.000000 0.000000 0.577210 0.334077 0.102823
500 1.000000 1.000000 1.000000 0.000000 0.000000 0.000000 0.578876 0.335333 0.103066
510 0.998039 0.998039 0.998039 0.000000 0.000000 0.000000 0.574658 0.331126 0.103671
520 1.000000 1.000000 1.000000 0.000000 0.000000 0.000000 0.575535 0.331535 0.104202
530 1.000000 1.000000 1.000000 0.000000 0.000000 0.000000 0.572102 0.327565 0.104904
540 0.998148 0.998148 0.998148 0.000000 0.000000 0.000000 0.568873 0.324540 0.107250
550 1.000000 1.000000 1.000000 0.000000 0.000000 0.000000 0.568016 0.322995 0.105905
560 0.983929 0.983929 0.978571 0.000000 0.000000 0.000000 0.555118 0.313058 0.113775
570 0.982456 0.982456 0.980702 0.000000 0.000000 0.000000 0.553125 0.311484 0.116851
580 0.965517 0.963793 0.962069 0.000000 0.000000 0.000000 0.540445 0.301985 0.124494
590 0.884746 0.881356 0.866102 0.000000 0.000000 0.000000 0.490139 0.269575 0.170152
600 0.840000 0.835000 0.833333 0.000000 0.000000 0.000000 0.465548 0.255215 0.195303
610 0.883607 0.880328 0.868852 0.000000 0.000000 0.000000 0.486205 0.265815 0.173289
620 0.887097 0.882258 0.861290 0.000000 0.000000 0.000000 0.483008 0.261490 0.171550
630 0.793651 0.785714 0.765079 0.000000 0.000000 0.000000 0.430846 0.231188 0.222310
640 0.764062 0.759375 0.745313 0.000000 0.000000 0.000000 0.415339 0.222193 0.244514
650 0.556923 0.553846 0.533846 0.000000 0.000000 0.000000 0.304486 0.159689 0.358075
660 0.516667 0.507576 0.478788 0.000000 0.000000 0.000000 0.278276 0.143281 0.381360
670 0.540299 0.534328 0.494030 0.000000 0.000000 0.000000 0.288990 0.149418 0.378126
680 0.330882 0.329412 0.310294 0.000000 0.000000 0.000000 0.182186 0.091819 0.496554
690 0.349275 0.343478 0.328986 0.000000 0.000000 0.000000 0.191845 0.097368 0.493207
700 0.158571 0.158571 0.148571 0.000000 0.000000 0.000000 0.092850 0.043772 0.605271
710 0.140845 0.135211 0.126761 0.000000 0.000000 0.000000 0.082329 0.037627 0.607278
720 0.076389 0.075000 0.070833 0.000000 0.000000 0.000000 0.049389 0.020736 0.678645
730 0.083562 0.080822 0.073973 0.000000 0.000000 0.000000 0.052382 0.022192 0.665718
740 0.062162 0.062162 0.058108 0.000000 0.000000 0.000000 0.042011 0.016788 0.661866
750 0.014667 0.014667 0.014667 0.000000 0.000000 0.000000 0.017501 0.004056 0.707999
760 0.010526 0.010526 0.009211 0.000000 0.000000 0.000000 0.015198 0.002800 0.727388
770 0.009091 0.009091 0.006494 0.000000 0.000000 0.000000 0.014264 0.002236 0.733986
780 0.006410 0.006410 0.006410 0.000000 0.000000 0.000000 0.013128 0.001915 0.745679
790 0.006329 0.005063 0.003797 0.000000 0.000000 0.000000 0.012525 0.001470 0.731497
800 0.007500 0.007500 0.007500 0.000000 0.000000 0.000000 0.013663 0.002233 0.730365
810 0.003704 0.003704 0.003704 0.000000 0.000000 0.000000 0.011513 0.001157 0.729619
820 0.002439 0.002439 0.001220 0.000000 0.000000 0.000000 0.010778 0.000578 0.745707
830 0.000000 0.000000 0.000000 0.000000 0.000000 0.000000 0.009454 0.000105 0.760443
840 0.000000 0.000000 0.000000 0.000000 0.000000 0.000000 0.009683 0.000109 0.761969
850 0.000000 0.000000 0.000000 0.000000 0.000000 0.000000 0.009669 0.000110 0.755697
860 0.000000 0.000000 0.000000 0.000000 0.000000 0.000000 0.009593 0.000107 0.768055
870 0.000000 0.000000 0.000000 0.000000 0.000000 0.000000 0.009723 0.000111 0.775028
880 0.000000 0.000000 0.000000 0.000000 0.000000 0.000000 0.009533 0.000106 0.761018
890 0.000000 0.000000 0.000000 0.000000 0.000000 0.000000 0.009604 0.000109 0.757217
900 0.000000 0.000000 0.000000 0.000000 0.000000 0.000000 0.009659 0.000108 0.771923
910 0.000000 0.000000 0.000000 0.000000 0.000000 0.000000 0.009663 0.000107 0.750768
920 0.000000 0.000000 0.000000 0.000000 0.000000 0.000000 0.009550 0.000106 0.781351
930 0.000000 0.000000 0.000000 0.000000 0.000000 0.000000 0.009808 0.000110 0.777078
940 0.000000 0.000000 0.000000 0.000000 0.000000 0.000000 0.009712 0.000110 0.772359
950 0.000000 0.000000 0.000000 0.000000 0.000000 0.000000 0.009872 0.000114 0.787448
960 0.000000 0.000000 0.000000 0.000000 0.000000 0.000000 0.009420 0.000102 0.786906
970 0.000000 0.000000 0.000000 0.000000 0.000000 0.000000 0.009646 0.000107 0.778653
980 0.000000 0.000000 0.000000 0.000000 0.000000 0.000000 0.009673 0.000109 0.788893
990 0.000000 0.000000 0.000000 0.000000 0.000000 0.000000 0.009433 0.000102 0.793426
1000 0.000000 0.000000 0.000000 0.000000 0.000000 0.000000 0.009620 0.000108 0.784718
1010 0.000000 0.000000 0.000000 0.000000 0.000000 0.000000 0.009540 0.000105 0.787874
20 1.000000 1.000000 1.000000 0.000000 0.000000 0.000000 0.651614 0.424700 0.098950
30 0.933333 0.933333 0.933333 0.000000 0.000000 0.000000 0.610069 0.398852 0.092750
40 1.000000 1.000000 1.000000 0.000000 0.000000 0.000000 0.647291 0.419101 0.099325
50 1.000000 1.000000 1.000000 0.000000 0.000000 0.000000 0.645775 0.417165 0.099330
60 1.000000 1.000000 1.000000 0.000000 0.000000 0.000000 0.645885 0.417308 0.099317
70 1.000000 1.000000 1.000000 0.000000 0.000000 0.000000 0.644558 0.415562 0.099500
80 1.000000 1.000000 1.000000 0.000000 0.000000 0.000000 0.642566 0.413023 0.099319
90 1.000000 1.000000 1.000000 0.000000 0.000000 0.000000 0.641595 0.411829 0.099339
100 1.000000 1.000000 1.000000 0.000000 0.000000 0.000000 0.641992 0.412297 0.099400
110 1.000000 1.000000 1.000000 0.000000 0.000000 0.000000 0.642379 0.412786 0.099368
120 1.000000 1.000000 1.000000 0.000000 0.000000 0.000000 0.643493 0.414220 0.099396
130 1.000000 1.000000 1.000000 0.000000 0.000000 0.000000 0.640426 0.410286 0.099296
140 1.000000 1.000000 1.000000 0.000000 0.000000 0.000000 0.641524 0.411688 0.099346
150 1.000000 1.000000 1.000000 0.000000 0.000000 0.000000 0.641971 0.412225 0.099387
160 1.000000 1.000000 1.000000 0.000000 0.000000 0.000000 0.641356 0.411455 0.099422
170 1.000000 1.000000 1.000000 0.000000 0.000000 0.000000 0.640696 0.410629 0.099400
180 1.000000 1.000000 1.000000 0.000000 0.000000 0.000000 0.639965 0.409671 0.099336
190 1.000000 1.000000 1.000000 0.000000 0.000000 0.000000 0.639412 0.408984 0.099266
200 1.000000 1.000000 1.000000 0.000000 0.000000 0.000000 0.638411 0.407701 0.099218
210 1.000000 1.000000 1.000000 0.000000 0.000000 0.000000 0.638410 0.407685 0.099307
220 1.000000 1.000000 1.000000 0.000000 0.000000 0.000000 0.638038 0.407232 0.099323
230 1.000000 1.000000 1.000000 0.000000 0.000000 0.000000 0.638085 0.407301 0.099343
240 1.000000 1.000000 1.000000 0.000000 0.000000 0.000000 0.636070 0.404731 0.099306
250 1.000000 1.000000 1.000000 0.000000 0.000000 0.000000 0.637744 0.406876 0.099354
260 1.000000 1.000000 1.000000 0.000000 0.000000 0.000000 0.636960 0.405862 0.099329
270 1.000000 1.000000 1.000000 0.000000 0.000000 0.000000 0.634973 0.403364 0.099294
280 1.000000 1.000000 1.000000 0.000000 0.000000 0.000000 0.636395 0.405145 0.099398
290 1.000000 1.000000 1.000000 0.000000 0.000000 0.000000 0.637039 0.405961 0.099419
300 1.000000 1.000000 1.000000 0.000000 0.000000 0.000000 0.634766 0.403077 0.099262
310 1.000000 1.000000 1.000000 0.000000 0.000000 0.000000 0.635326 0.403780 0.099352
320 1.000000 1.000000 1.000000 0.000000 0.000000 0.000000 0.632963 0.400800 0.099345
330 1.000000 1.000000 1.000000 0.000000 0.000000 0.000000 0.633521 0.401499 0.099414
340 1.000000 1.000000 1.000000 0.000000 0.000000 0.000000 0.632688 0.400454 0.099421
350 1.000000 1.000000 1.000000 0.000000 0.000000 0.000000 0.632118 0.399752 0.099447
360 1.000000 1.000000 1.000000 0.000000 0.000000 0.000000 0.631986 0.399552 0.099519
370 0.997297 0.997297 0.997297 0.000000 0.000000 0.000000 0.629457 0.397463 0.099200
380 1.000000 1.000000 1.000000 0.000000 0.000000 0.000000 0.631150 0.398490 0.099634
390 1.000000 1.000000 1.000000 0.000000 0.000000 0.000000 0.631663 0.399136 0.099603
400 1.000000 1.000000 1.000000 0.000000 0.000000 0.000000 0.628267 0.394880 0.099594
410 1.000000 1.000000 1.000000 0.000000 0.000000 0.000000 0.629984 0.397025 0.099671
420 0.997619 0.997619 0.997619 0.000000 0.000000 0.000000 0.627472 0.394817 0.099461
430 1.000000 1.000000 1.000000 0.000000 0.000000 0.000000 0.629748 0.396750 0.099873
440 0.997727 0.997727 0.997727 0.000000 0.000000 0.000000 0.626532 0.393626 0.099778
450 1.000000 1.000000 1.000000 0.000000 0.000000 0.000000 0.627837 0.394340 0.099817
460 1.000000 1.000000 1.000000 0.000000 0.000000 0.000000 0.627500 0.393904 0.100027
470 0.997872 0.997872 0.997872 0.000000 0.000000 0.000000 0.624906 0.391514 0.099791
480 1.000000 1.000000 1.000000 0.000000 0.000000 0.000000 0.626150 0.392238 0.100422
490 0.997959 0.997959 0.997959 0.000000 0.000000 0.000000 0.623818 0.390109 0.100117
500 1.000000 1.000000 1.000000 0.000000 0.000000 0.000000 0.623650 0.389140 0.100356
510 0.998039 0.998039 0.998039 0.000000 0.000000 0.000000 0.623441 0.389617 0.100293
520 1.000000 1.000000 1.000000 0.000000 0.000000 0.000000 0.623879 0.389411 0.100483
530 1.000000 1.000000 1.000000 0.000000 0.000000 0.000000 0.622653 0.387884 0.100757
540 1.000000 1.000000 1.000000 0.000000 0.000000 0.000000 0.622509 0.387710 0.101134
550 1.000000 1.000000 1.000000 0.000000 0.000000 0.000000 0.620412 0.385103 0.100855
560 0.998214 0.998214 0.998214 0.000000 0.000000 0.000000 0.619377 0.384510 0.101340
570 1.000000 1.000000 1.000000 0.000000 0.000000 0.000000 0.619719 0.384244 0.101303
580 0.996552 0.996552 0.996552 0.000000 0.000000 0.000000 0.617215 0.382458 0.101335
590 0.998305 0.998305 0.998305 0.000000 0.000000 0.000000 0.617932 0.382690 0.101857
600 1.000000 1.000000 1.000000 0.000000 0.000000 0.000000 0.616558 0.380340 0.102071
610 0.998361 0.998361 0.998361 0.000000 0.000000 0.000000 0.617106 0.381656 0.101952
620 1.000000 1.000000 1.000000 0.000000 0.000000 0.000000 0.614906 0.378308 0.102552
630 0.998413 0.998413 0.998413 0.000000 0.000000 0.000000 0.613983 0.377819 0.102844
640 0.998437 0.998437 0.998437 0.000000 0.000000 0.000000 0.612885 0.376446 0.103158
650 1.000000 1.000000 1.000000 0.000000 0.000000 0.000000 0.612482 0.375374 0.103656
660 0.996970 0.996970 0.996970 0.000000 0.000000 0.000000 0.608994 0.372113 0.105972
670 0.998507 0.998507 0.998507 0.000000 0.000000 0.000000 0.609751 0.372588 0.103860
680 0.997059 0.995588 0.995588 0.000000 0.000000 0.000000 0.606086 0.368832 0.106023
690 0.998551 0.998551 0.998551 0.000000 0.000000 0.000000 0.609773 0.372577 0.104114
700 0.984286 0.984286 0.982857 0.000000 0.000000 0.000000 0.595475 0.360159 0.115002
710 0.992958 0.992958 0.992958 0.000000 0.000000 0.000000 0.597979 0.360326 0.111515
720 0.984722 0.983333 0.981944 0.000000 0.000000 0.000000 0.593877 0.358070 0.115801
730 0.947945 0.947945 0.946575 0.000000 0.000000 0.000000 0.571290 0.343357 0.137734
740 0.970270 0.968919 0.967568 0.000000 0.000000 0.000000 0.582973 0.349807 0.126791
750 0.906667 0.906667 0.904000 0.000000 0.000000 0.000000 0.540042 0.320116 0.170265
760 0.877632 0.872368 0.863158 0.000000 0.000000 0.000000 0.518864 0.305125 0.193569
770 0.861039 0.861039 0.853247 0.000000 0.000000 0.000000 0.512487 0.301936 0.203204
780 0.862821 0.860256 0.857692 0.000000 0.000000 0.000000 0.513611 0.303454 0.202114
790 0.753165 0.746835 0.740506 0.000000 0.000000 0.000000 0.444304 0.258668 0.280178
800 0.685000 0.681250 0.675000 0.000000 0.000000 0.000000 0.406626 0.235797 0.327383
810 0.653086 0.653086 0.643210 0.000000 0.000000 0.000000 0.389252 0.224413 0.340130
820 0.684146 0.679268 0.667073 0.000000 0.000000 0.000000 0.401409 0.230334 0.328316
830 0.568675 0.565060 0.561446 0.000000 0.000000 0.000000 0.338966 0.193739 0.403319
840 0.548810 0.547619 0.534524 0.000000 0.000000 0.000000 0.325446 0.184941 0.414080
850 0.552941 0.550588 0.544706 0.000000 0.000000 0.000000 0.327169 0.185181 0.412202
860 0.325581 0.323256 0.317442 0.000000 0.000000 0.000000 0.198695 0.109352 0.583578
870 0.265517 0.263218 0.259770 0.000000 0.000000 0.000000 0.164042 0.088333 0.621436
880 0.367045 0.363636 0.352273 0.000000 0.000000 0.000000 0.218357 0.119209 0.549313
890 0.212360 0.210112 0.202247 0.000000 0.000000 0.000000 0.132217 0.068872 0.658875
900 0.221111 0.218889 0.214444 0.000000 0.000000 0.000000 0.138055 0.072767 0.657607
910 0.163736 0.162637 0.156044 0.000000 0.000000 0.000000 0.104705 0.052675 0.693841
920 0.139130 0.136957 0.135870 0.000000 0.000000 0.000000 0.091679 0.045290 0.715393
930 0.092473 0.092473 0.091398 0.000000 0.000000 0.000000 0.066246 0.030645 0.742317
940 0.071277 0.070213 0.069149 0.000000 0.000000 0.000000 0.053966 0.023224 0.780135
950 0.056842 0.055789 0.052632 0.000000 0.000000 0.000000 0.044596 0.017710 0.783627
960 0.029167 0.029167 0.029167 0.000000 0.000000 0.000000 0.030023 0.009499 0.814023
970 0.037113 0.036082 0.035052 0.000000 0.000000 0.000000 0.034042 0.011793 0.792005
980 0.023469 0.022449 0.022449 0.000000 0.000000 0.000000 0.026655 0.007644 0.825611
990 0.010101 0.010101 0.010101 0.000000 0.000000 0.000000 0.019618 0.003577 0.828107
1000 0.012000 0.012000 0.012000 0.000000 0.000000 0.000000 0.020523 0.004254 0.831151
1010 0.011881 0.011881 0.011881 0.000000 0.000000 0.000000 0.020451 0.003918 0.831363
