20 1.000000 1.000000 1.000000
30 1.000000 1.000000 1.000000
40 1.000000 0.975000 0.950000
50 0.980000 0.940000 0.820000
60 0.983333 0.950000 0.766667
70 0.942857 0.871429 0.542857
80 0.800000 0.775000 0.325000
90 0.655556 0.577778 0.166667
100 0.490000 0.400000 0.030000
110 0.318182 0.181818 0.018182
120 0.125000 0.066667 0.000000
130 0.053846 0.015385 0.000000
140 0.007143 0.000000 0.000000
150 0.026667 0.000000 0.000000
160 0.006250 0.000000 0.000000
170 0.000000 0.000000 0.000000
180 0.000000 0.000000 0.000000
190 0.000000 0.000000 0.000000
200 0.000000 0.000000 0.000000
210 0.000000 0.000000 0.000000
220 0.000000 0.000000 0.000000
230 0.000000 0.000000 0.000000
240 0.000000 0.000000 0.000000
250 0.000000 0.000000 0.000000
260 0.000000 0.000000 0.000000
270 0.000000 0.000000 0.000000
280 0.000000 0.000000 0.000000
290 0.000000 0.000000 0.000000
300 0.000000 0.000000 0.000000
310 0.000000 0.000000 0.000000
320 0.000000 0.000000 0.000000
330 0.000000 0.000000 0.000000
340 0.000000 0.000000 0.000000
350 0.000000 0.000000 0.000000
360 0.000000 0.000000 0.000000
370 0.000000 0.000000 0.000000
380 0.000000 0.000000 0.000000
390 0.000000 0.000000 0.000000
400 0.000000 0.000000 0.000000
410 0.000000 0.000000 0.000000
420 0.000000 0.000000 0.000000
430 0.000000 0.000000 0.000000
440 0.000000 0.000000 0.000000
450 0.000000 0.000000 0.000000
460 0.000000 0.000000 0.000000
470 0.000000 0.000000 0.000000
480 0.000000 0.000000 0.000000
490 0.000000 0.000000 0.000000
500 0.000000 0.000000 0.000000
510 0.000000 0.000000 0.000000
520 0.000000 0.000000 0.000000
530 0.000000 0.000000 0.000000
540 0.000000 0.000000 0.000000
550 0.000000 0.000000 0.000000
560 0.000000 0.000000 0.000000
570 0.000000 0.000000 0.000000
580 0.000000 0.000000 0.000000
590 0.000000 0.000000 0.000000
600 0.000000 0.000000 0.000000
610 0.000000 0.000000 0.000000
620 0.000000 0.000000 0.000000
630 0.000000 0.000000 0.000000
640 0.000000 0.000000 0.000000
650 0.000000 0.000000 0.000000
660 0.000000 0.000000 0.000000
670 0.000000 0.000000 0.000000
680 0.000000 0.000000 0.000000
690 0.000000 0.000000 0.000000
700 0.000000 0.000000 0.000000
710 0.000000 0.000000 0.000000
720 0.000000 0.000000 0.000000
730 0.000000 0.000000 0.000000
740 0.000000 0.000000 0.000000
750 0.000000 0.000000 0.000000
760 0.000000 0.000000 0.000000
770 0.000000 0.000000 0.000000
780 0.000000 0.000000 0.000000
790 0.000000 0.000000 0.000000
800 0.000000 0.000000 0.000000
810 0.000000 0.000000 0.000000
820 0.000000 0.000000 0.000000
830 0.000000 0.000000 0.000000
840 0.000000 0.000000 0.000000
850 0.000000 0.000000 0.000000
860 0.000000 0.000000 0.000000
870 0.000000 0.000000 0.000000
880 0.000000 0.000000 0.000000
890 0.000000 0.000000 0.000000
900 0.000000 0.000000 0.000000
910 0.000000 0.000000 0.000000
920 0.000000 0.000000 0.000000
930 0.000000 0.000000 0.000000
940 0.000000 0.000000 0.000000
950 0.000000 0.000000 0.000000
960 0.000000 0.000000 0.000000
970 0.000000 0.000000 0.000000
980 0.000000 0.000000 0.000000
990 0.000000 0.000000 0.000000
1000 0.000000 0.000000 0.000000
1010 0.000000 0.000000 0.000000
1020 0.000000 0.000000 0.000000
1030 0.000000 0.000000 0.000000
1040 0.000000 0.000000 0.000000
1050 0.000000 0.000000 0.000000
1060 0.000000 0.000000 0.000000
1070 0.000000 0.000000 0.000000
1080 0.000000 0.000000 0.000000
1090 0.000000 0.000000 0.000000
1100 0.000000 0.000000 0.000000
1110 0.000000 0.000000 0.000000
1120 0.000000 0.000000 0.000000
1130 0.000000 0.000000 0.000000
1140 0.000000 0.000000 0.000000
1150 0.000000 0.000000 0.000000
1160 0.000000 0.000000 0.000000
1170 0.000000 0.000000 0.000000
1180 0.000000 0.000000 0.000000
1190 0.000000 0.000000 0.000000
1200 0.000000 0.000000 0.000000
1210 0.000000 0.000000 0.000000
1220 0.000000 0.000000 0.000000
1230 0.000000 0.000000 0.000000
1240 0.000000 0.000000 0.000000
1250 0.000000 0.000000 0.000000
1260 0.000000 0.000000 0.000000
1270 0.000000 0.000000 0.000000
1280 0.000000 0.000000 0.000000
1290 0.000000 0.000000 0.000000
1300 0.000000 0.000000 0.000000
1310 0.000000 0.000000 0.000000
1320 0.000000 0.000000 0.000000
1330 0.000000 0.000000 0.000000
1340 0.000000 0.000000 0.000000
1350 0.000000 0.000000 0.000000
1360 0.000000 0.000000 0.000000
1370 0.000000 0.000000 0.000000
1380 0.000000 0.000000 0.000000
1390 0.000000 0.000000 0.000000
1400 0.000000 0.000000 0.000000
1410 0.000000 0.000000 0.000000
1420 0.000000 0.000000 0.000000
1430 0.000000 0.000000 0.000000
1440 0.000000 0.000000 0.000000
1450 0.000000 0.000000 0.000000
1460 0.000000 0.000000 0.000000
1470 0.000000 0.000000 0.000000
1480 0.000000 0.000000 0.000000
1490 0.000000 0.000000 0.000000
1500 0.000000 0.000000 0.000000
1510 0.000000 0.000000 0.000000
1520 0.000000 0.000000 0.000000
1530 0.000000 0.000000 0.000000
1540 0.000000 0.000000 0.000000
1550 0.000000 0.000000 0.000000
1560 0.000000 0.000000 0.000000
1570 0.000000 0.000000 0.000000
1580 0.000000 0.000000 0.000000
1590 0.000000 0.000000 0.000000
1600 0.000000 0.000000 0.000000
1610 0.000000 0.000000 0.000000
1620 0.000000 0.000000 0.000000
1630 0.000000 0.000000 0.000000
1640 0.000000 0.000000 0.000000
1650 0.000000 0.000000 0.000000
1660 0.000000 0.000000 0.000000
1670 0.000000 0.000000 0.000000
1680 0.000000 0.000000 0.000000
1690 0.000000 0.000000 0.000000
1700 0.000000 0.000000 0.000000
1710 0.000000 0.000000 0.000000
1720 0.000000 0.000000 0.000000
1730 0.000000 0.000000 0.000000
1740 0.000000 0.000000 0.000000
1750 0.000000 0.000000 0.000000
1760 0.000000 0.000000 0.000000
1770 0.000000 0.000000 0.000000
1780 0.000000 0.000000 0.000000
1790 0.000000 0.000000 0.000000
1800 0.000000 0.000000 0.000000
1810 0.000000 0.000000 0.000000
1820 0.000000 0.000000 0.000000
1830 0.000000 0.000000 0.000000
1840 0.000000 0.000000 0.000000
1850 0.000000 0.000000 0.000000
1860 0.000000 0.000000 0.000000
1870 0.000000 0.000000 0.000000
1880 0.000000 0.000000 0.000000
1890 0.000000 0.000000 0.000000
1900 0.000000 0.000000 0.000000
1910 0.000000 0.000000 0.000000
1920 0.000000 0.000000 0.000000
1930 0.000000 0.000000 0.000000
1940 0.000000 0.000000 0.000000
1950 0.000000 0.000000 0.000000
1960 0.000000 0.000000 0.000000
1970 0.000000 0.000000 0.000000
1980 0.000000 0.000000 0.000000
1990 0.000000 0.000000 0.000000
2000 0.000000 0.000000 0.000000
2010 0.000000 0.000000 0.000000
20 1.000000 1.000000 1.000000
30 1.000000 1.000000 1.000000
40 1.000000 1.000000 1.000000
50 1.000000 1.000000 1.000000
60 1.000000 1.000000 1.000000
70 1.000000 1.000000 1.000000
80 1.000000 1.000000 1.000000
90 1.000000 1.000000 1.000000
100 1.000000 1.000000 1.000000
110 1.000000 1.000000 1.000000
120 1.000000 1.000000 1.000000
130 1.000000 1.000000 0.992308
140 1.000000 1.000000 1.000000
150 1.000000 1.000000 1.000000
160 1.000000 1.000000 1.000000
170 1.000000 1.000000 1.000000
180 1.000000 1.000000 1.000000
190 1.000000 1.000000 0.994737
200 1.000000 1.000000 0.995000
210 1.000000 1.000000 0.990476
220 1.000000 1.000000 0.990909
230 1.000000 1.000000 0.969565
240 1.000000 1.000000 0.954167
250 0.996000 0.996000 0.876000
260 0.984615 0.973077 0.823077
270 0.996296 0.992593 0.870370
280 0.996429 0.992857 0.732143
290 0.975862 0.962069 0.665517
300 0.966667 0.940000 0.526667
310 0.951613 0.874194 0.435484
320 0.903125 0.812500 0.243750
330 0.872727 0.763636 0.175758
340 0.829412 0.688235 0.161765
350 0.440000 0.271429 0.034286
360 0.375000 0.255556 0.030556
370 0.305405 0.181081 0.005405
380 0.163158 0.071053 0.002632
390 0.046154 0.017949 0.000000
400 0.035000 0.017500 0.000000
410 0.002439 0.000000 0.000000
420 0.007143 0.002381 0.000000
430 0.000000 0.000000 0.000000
440 0.000000 0.000000 0.000000
450 0.000000 0.000000 0.000000
460 0.000000 0.000000 0.000000
470 0.000000 0.000000 0.000000
480 0.000000 0.000000 0.000000
490 0.000000 0.000000 0.000000
500 0.000000 0.000000 0.000000
510 0.000000 0.000000 0.000000
520 0.000000 0.000000 0.000000
530 0.000000 0.000000 0.000000
540 0.000000 0.000000 0.000000
550 0.000000 0.000000 0.000000
560 0.000000 0.000000 0.000000
570 0.000000 0.000000 0.000000
580 0.000000 0.000000 0.000000
590 0.000000 0.000000 0.000000
600 0.000000 0.000000 0.000000
610 0.000000 0.000000 0.000000
620 0.000000 0.000000 0.000000
630 0.000000 0.000000 0.000000
640 0.000000 0.000000 0.000000
650 0.000000 0.000000 0.000000
660 0.000000 0.000000 0.000000
670 0.000000 0.000000 0.000000
680 0.000000 0.000000 0.000000
690 0.000000 0.000000 0.000000
700 0.000000 0.000000 0.000000
710 0.000000 0.000000 0.000000
720 0.000000 0.000000 0.000000
730 0.000000 0.000000 0.000000
740 0.000000 0.000000 0.000000
750 0.000000 0.000000 0.000000
760 0.000000 0.000000 0.000000
770 0.000000 0.000000 0.000000
780 0.000000 0.000000 0.000000
790 0.000000 0.000000 0.000000
800 0.000000 0.000000 0.000000
810 0.000000 0.000000 0.000000
820 0.000000 0.000000 0.000000
830 0.000000 0.000000 0.000000
840 0.000000 0.000000 0.000000
850 0.000000 0.000000 0.000000
860 0.000000 0.000000 0.000000
870 0.000000 0.000000 0.000000
880 0.000000 0.000000 0.000000
890 0.000000 0.000000 0.000000
900 0.000000 0.000000 0.000000
910 0.000000 0.000000 0.000000
920 0.000000 0.000000 0.000000
930 0.000000 0.000000 0.000000
940 0.000000 0.000000 0.000000
950 0.000000 0.000000 0.000000
960 0.000000 0.000000 0.000000
970 0.000000 0.000000 0.000000
980 0.000000 0.000000 0.000000
990 0.000000 0.000000 0.000000
1000 0.000000 0.000000 0.000000
1010 0.000000 0.000000 0.000000
1020 0.000000 0.000000 0.000000
1030 0.000000 0.000000 0.000000
1040 0.000000 0.000000 0.000000
1050 0.000000 0.000000 0.000000
1060 0.000000 0.000000 0.000000
1070 0.000000 0.000000 0.000000
1080 0.000000 0.000000 0.000000
1090 0.000000 0.000000 0.000000
1100 0.000000 0.000000 0.000000
1110 0.000000 0.000000 0.000000
1120 0.000000 0.000000 0.000000
1130 0.000000 0.000000 0.000000
1140 0.000000 0.000000 0.000000
1150 0.000000 0.000000 0.000000
1160 0.000000 0.000000 0.000000
1170 0.000000 0.000000 0.000000
1180 0.000000 0.000000 0.000000
1190 0.000000 0.000000 0.000000
1200 0.000000 0.000000 0.000000
1210 0.000000 0.000000 0.000000
1220 0.000000 0.000000 0.000000
1230 0.000000 0.000000 0.000000
1240 0.000000 0.000000 0.000000
1250 0.000000 0.000000 0.000000
1260 0.000000 0.000000 0.000000
1270 0.000000 0.000000 0.000000
1280 0.000000 0.000000 0.000000
1290 0.000000 0.000000 0.000000
1300 0.000000 0.000000 0.000000
1310 0.000000 0.000000 0.000000
1320 0.000000 0.000000 0.000000
1330 0.000000 0.000000 0.000000
1340 0.000000 0.000000 0.000000
1350 0.000000 0.000000 0.000000
1360 0.000000 0.000000 0.000000
1370 0.000000 0.000000 0.000000
1380 0.000000 0.000000 0.000000
1390 0.000000 0.000000 0.000000
1400 0.000000 0.000000 0.000000
1410 0.000000 0.000000 0.000000
1420 0.000000 0.000000 0.000000
1430 0.000000 0.000000 0.000000
1440 0.000000 0.000000 0.000000
1450 0.000000 0.000000 0.000000
1460 0.000000 0.000000 0.000000
1470 0.000000 0.000000 0.000000
1480 0.000000 0.000000 0.000000
1490 0.000000 0.000000 0.000000
1500 0.000000 0.000000 0.000000
1510 0.000000 0.000000 0.000000
1520 0.000000 0.000000 0.000000
1530 0.000000 0.000000 0.000000
1540 0.000000 0.000000 0.000000
1550 0.000000 0.000000 0.000000
1560 0.000000 0.000000 0.000000
1570 0.000000 0.000000 0.000000
1580 0.000000 0.000000 0.000000
1590 0.000000 0.000000 0.000000
1600 0.000000 0.000000 0.000000
1610 0.000000 0.000000 0.000000
1620 0.000000 0.000000 0.000000
1630 0.000000 0.000000 0.000000
1640 0.000000 0.000000 0.000000
1650 0.000000 0.000000 0.000000
1660 0.000000 0.000000 0.000000
1670 0.000000 0.000000 0.000000
1680 0.000000 0.000000 0.000000
1690 0.000000 0.000000 0.000000
1700 0.000000 0.000000 0.000000
1710 0.000000 0.000000 0.000000
1720 0.000000 0.000000 0.000000
1730 0.000000 0.000000 0.000000
1740 0.000000 0.000000 0.000000
1750 0.000000 0.000000 0.000000
1760 0.000000 0.000000 0.000000
1770 0.000000 0.000000 0.000000
1780 0.000000 0.000000 0.000000
1790 0.000000 0.000000 0.000000
1800 0.000000 0.000000 0.000000
1810 0.000000 0.000000 0.000000
1820 0.000000 0.000000 0.000000
1830 0.000000 0.000000 0.000000
1840 0.000000 0.000000 0.000000
1850 0.000000 0.000000 0.000000
1860 0.000000 0.000000 0.000000
1870 0.000000 0.000000 0.000000
1880 0.000000 0.000000 0.000000
1890 0.000000 0.000000 0.000000
1900 0.000000 0.000000 0.000000
1910 0.000000 0.000000 0.000000
1920 0.000000 0.000000 0.000000
1930 0.000000 0.000000 0.000000
1940 0.000000 0.000000 0.000000
1950 0.000000 0.000000 0.000000
1960 0.000000 0.000000 0.000000
1970 0.000000 0.000000 0.000000
1980 0.000000 0.000000 0.000000
1990 0.000000 0.000000 0.000000
2000 0.000000 0.000000 0.000000
2010 0.000000 0.000000 0.000000
20 1.000000 1.000000 1.000000
30 1.000000 1.000000 1.000000
40 1.000000 1.000000 1.000000
50 1.000000 1.000000 1.000000
60 1.000000 1.000000 1.000000
70 1.000000 1.000000 1.000000
80 1.000000 1.000000 1.000000
90 1.000000 1.000000 1.000000
100 1.000000 1.000000 1.000000
110 1.000000 1.000000 1.000000
120 1.000000 1.000000 1.000000
130 1.000000 1.000000 1.000000
140 1.000000 1.000000 1.000000
150 1.000000 1.000000 1.000000
160 1.000000 1.000000 1.000000
170 1.000000 1.000000 1.000000
180 1.000000 1.000000 1.000000
190 1.000000 1.000000 1.000000
200 1.000000 1.000000 1.000000
210 1.000000 1.000000 1.000000
220 1.000000 1.000000 1.000000
230 1.000000 1.000000 1.000000
240 1.000000 1.000000 1.000000
250 1.000000 1.000000 1.000000
260 1.000000 1.000000 1.000000
270 1.000000 1.000000 1.000000
280 1.000000 1.000000 1.000000
290 1.000000 1.000000 1.000000
300 1.000000 1.000000 1.000000
310 1.000000 1.000000 1.000000
320 1.000000 1.000000 1.000000
330 1.000000 1.000000 1.000000
340 1.000000 1.000000 1.000000
350 1.000000 1.000000 1.000000
360 1.000000 1.000000 1.000000
370 1.000000 1.000000 1.000000
380 1.000000 1.000000 1.000000
390 1.000000 1.000000 0.997436
400 1.000000 1.000000 1.000000
410 1.000000 1.000000 0.997561
420 1.000000 1.000000 1.000000
430 1.000000 1.000000 0.993023
440 1.000000 1.000000 0.990909
450 1.000000 1.000000 0.995556
460 1.000000 1.000000 0.984783
470 1.000000 1.000000 0.980851
480 0.997917 0.995833 0.970833
490 1.000000 1.000000 0.975510
500 1.000000 0.996000 0.916000
510 0.994118 0.990196 0.866667
520 0.969231 0.963462 0.819231
530 0.984906 0.977358 0.833962
540 0.964815 0.933333 0.742593
550 0.958182 0.929091 0.654545
560 0.746429 0.696429 0.450000
570 0.622807 0.568421 0.326316
580 0.491379 0.431034 0.220690
590 0.355932 0.313559 0.138983
600 0.371667 0.315000 0.133333
610 0.178689 0.147541 0.042623
620 0.129032 0.096774 0.024194
630 0.095238 0.071429 0.019048
640 0.043750 0.034375 0.006250
650 0.036923 0.024615 0.003077
660 0.022727 0.015152 0.001515
670 0.028358 0.014925 0.000000
680 0.005882 0.001471 0.000000
690 0.005797 0.002899 0.000000
700 0.000000 0.000000 0.000000
710 0.000000 0.000000 0.000000
720 0.000000 0.000000 0.000000
730 0.000000 0.000000 0.000000
740 0.000000 0.000000 0.000000
750 0.000000 0.000000 0.000000
760 0.000000 0.000000 0.000000
770 0.000000 0.000000 0.000000
780 0.000000 0.000000 0.000000
790 0.000000 0.000000 0.000000
800 0.000000 0.000000 0.000000
810 0.000000 0.000000 0.000000
820 0.000000 0.000000 0.000000
830 0.000000 0.000000 0.000000
840 0.000000 0.000000 0.000000
850 0.000000 0.000000 0.000000
860 0.000000 0.000000 0.000000
870 0.000000 0.000000 0.000000
880 0.000000 0.000000 0.000000
890 0.000000 0.000000 0.000000
900 0.000000 0.000000 0.000000
910 0.000000 0.000000 0.000000
920 0.000000 0.000000 0.000000
930 0.000000 0.000000 0.000000
940 0.000000 0.000000 0.000000
950 0.000000 0.000000 0.000000
960 0.000000 0.000000 0.000000
970 0.000000 0.000000 0.000000
980 0.000000 0.000000 0.000000
990 0.000000 0.000000 0.000000
1000 0.000000 0.000000 0.000000
1010 0.000000 0.000000 0.000000
1020 0.000000 0.000000 0.000000
1030 0.000000 0.000000 0.000000
1040 0.000000 0.000000 0.000000
1050 0.000000 0.000000 0.000000
1060 0.000000 0.000000 0.000000
1070 0.000000 0.000000 0.000000
1080 0.000000 0.000000 0.000000
1090 0.000000 0.000000 0.000000
1100 0.000000 0.000000 0.000000
1110 0.000000 0.000000 0.000000
1120 0.000000 0.000000 0.000000
1130 0.000000 0.000000 0.000000
1140 0.000000 0.000000 0.000000
1150 0.000000 0.000000 0.000000
1160 0.000000 0.000000 0.000000
1170 0.000000 0.000000 0.000000
1180 0.000000 0.000000 0.000000
1190 0.000000 0.000000 0.000000
1200 0.000000 0.000000 0.000000
1210 0.000000 0.000000 0.000000
1220 0.000000 0.000000 0.000000
1230 0.000000 0.000000 0.000000
1240 0.000000 0.000000 0.000000
1250 0.000000 0.000000 0.000000
1260 0.000000 0.000000 0.000000
1270 0.000000 0.000000 0.000000
1280 0.000000 0.000000 0.000000
1290 0.000000 0.000000 0.000000
1300 0.000000 0.000000 0.000000
1310 0.000000 0.000000 0.000000
1320 0.000000 0.000000 0.000000
1330 0.000000 0.000000 0.000000
1340 0.000000 0.000000 0.000000
1350 0.000000 0.000000 0.000000
1360 0.000000 0.000000 0.000000
1370 0.000000 0.000000 0.000000
1380 0.000000 0.000000 0.000000
1390 0.000000 0.000000 0.000000
1400 0.000000 0.000000 0.000000
1410 0.000000 0.000000 0.000000
1420 0.000000 0.000000 0.000000
1430 0.000000 0.000000 0.000000
1440 0.000000 0.000000 0.000000
1450 0.000000 0.000000 0.000000
1460 0.000000 0.000000 0.000000
1470 0.000000 0.000000 0.000000
1480 0.000000 0.000000 0.000000
1490 0.000000 0.000000 0.000000
1500 0.000000 0.000000 0.000000
1510 0.000000 0.000000 0.000000
1520 0.000000 0.000000 0.000000
1530 0.000000 0.000000 0.000000
1540 0.000000 0.000000 0.000000
1550 0.000000 0.000000 0.000000
1560 0.000000 0.000000 0.000000
1570 0.000000 0.000000 0.000000
1580 0.000000 0.000000 0.000000
1590 0.000000 0.000000 0.000000
1600 0.000000 0.000000 0.000000
1610 0.000000 0.000000 0.000000
1620 0.000000 0.000000 0.000000
1630 0.000000 0.000000 0.000000
1640 0.000000 0.000000 0.000000
1650 0.000000 0.000000 0.000000
1660 0.000000 0.000000 0.000000
1670 0.000000 0.000000 0.000000
1680 0.000000 0.000000 0.000000
1690 0.000000 0.000000 0.000000
1700 0.000000 0.000000 0.000000
1710 0.000000 0.000000 0.000000
1720 0.000000 0.000000 0.000000
1730 0.000000 0.000000 0.000000
1740 0.000000 0.000000 0.000000
1750 0.000000 0.000000 0.000000
1760 0.000000 0.000000 0.000000
1770 0.000000 0.000000 0.000000
1780 0.000000 0.000000 0.000000
1790 0.000000 0.000000 0.000000
1800 0.000000 0.000000 0.000000
1810 0.000000 0.000000 0.000000
1820 0.000000 0.000000 0.000000
1830 0.000000 0.000000 0.000000
1840 0.000000 0.000000 0.000000
1850 0.000000 0.000000 0.000000
1860 0.000000 0.000000 0.000000
1870 0.000000 0.000000 0.000000
1880 0.000000 0.000000 0.000000
1890 0.000000 0.000000 0.000000
1900 0.000000 0.000000 0.000000
1910 0.000000 0.000000 0.000000
1920 0.000000 0.000000 0.000000
1930 0.000000 0.000000 0.000000
1940 0.000000 0.000000 0.000000
1950 0.000000 0.000000 0.000000
1960 0.000000 0.000000 0.000000
1970 0.000000 0.000000 0.000000
1980 0.000000 0.000000 0.000000
1990 0.000000 0.000000 0.000000
2000 0.000000 0.000000 0.000000
2010 0.000000 0.000000 0.000000
20 1.000000 1.000000 1.000000
30 1.000000 1.000000 1.000000
40 1.000000 1.000000 1.000000
50 1.000000 1.000000 1.000000
60 1.000000 1.000000 1.000000
70 1.000000 1.000000 1.000000
80 1.000000 1.000000 1.000000
90 1.000000 1.000000 1.000000
100 1.000000 1.000000 1.000000
110 1.000000 1.000000 1.000000
120 1.000000 1.000000 1.000000
130 1.000000 1.000000 1.000000
140 1.000000 1.000000 1.000000
150 1.000000 1.000000 1.000000
160 1.000000 1.000000 1.000000
170 1.000000 1.000000 1.000000
180 1.000000 1.000000 1.000000
190 1.000000 1.000000 1.000000
200 1.000000 1.000000 1.000000
210 1.000000 1.000000 1.000000
220 1.000000 1.000000 1.000000
230 1.000000 1.000000 1.000000
240 1.000000 1.000000 1.000000
250 1.000000 1.000000 1.000000
260 1.000000 1.000000 1.000000
270 1.000000 1.000000 1.000000
280 1.000000 1.000000 1.000000
290 1.000000 1.000000 1.000000
300 1.000000 1.000000 1.000000
310 1.000000 1.000000 1.000000
320 1.000000 1.000000 1.000000
330 1.000000 1.000000 1.000000
340 1.000000 1.000000 1.000000
350 1.000000 1.000000 1.000000
360 1.000000 1.000000 1.000000
370 1.000000 1.000000 1.000000
380 1.000000 1.000000 1.000000
390 1.000000 1.000000 1.000000
400 1.000000 1.000000 1.000000
410 1.000000 1.000000 1.000000
420 1.000000 1.000000 1.000000
430 1.000000 1.000000 1.000000
440 1.000000 1.000000 1.000000
450 1.000000 1.000000 1.000000
460 1.000000 1.000000 1.000000
470 1.000000 1.000000 1.000000
480 1.000000 1.000000 1.000000
490 1.000000 1.000000 1.000000
500 1.000000 1.000000 1.000000
510 1.000000 1.000000 1.000000
520 1.000000 1.000000 1.000000
530 1.000000 1.000000 1.000000
540 1.000000 1.000000 1.000000
550 1.000000 1.000000 1.000000
560 1.000000 1.000000 1.000000
570 1.000000 1.000000 1.000000
580 1.000000 1.000000 1.000000
590 1.000000 1.000000 1.000000
600 1.000000 1.000000 1.000000
610 1.000000 1.000000 1.000000
620 1.000000 1.000000 1.000000
630 1.000000 1.000000 1.000000
640 1.000000 1.000000 1.000000
650 1.000000 1.000000 0.998462
660 1.000000 1.000000 0.998485
670 1.000000 1.000000 0.998507
680 1.000000 1.000000 0.995588
690 0.997101 0.997101 0.991304
700 0.998571 0.998571 0.992857
710 0.985915 0.984507 0.973239
720 0.988889 0.986111 0.979167
730 0.972603 0.971233 0.956164
740 0.948649 0.943243 0.909459
750 0.937333 0.925333 0.892000
760 0.942105 0.935526 0.890789
770 0.802597 0.789610 0.715584
780 0.752564 0.738462 0.674359
790 0.768354 0.756962 0.681013
800 0.655000 0.633750 0.555000
810 0.630864 0.607407 0.522222
820 0.479268 0.462195 0.368293
830 0.440964 0.424096 0.356627
840 0.153571 0.145238 0.115476
850 0.411765 0.392941 0.320000
860 0.247674 0.230233 0.176744
870 0.177011 0.162069 0.124138
880 0.098864 0.088636 0.063636
890 0.092135 0.082022 0.057303
900 0.063333 0.055556 0.037778
910 0.048352 0.047253 0.032967
920 0.030435 0.027174 0.015217
930 0.009677 0.008602 0.004301
940 0.004255 0.003191 0.001064
950 0.005263 0.005263 0.003158
960 0.004167 0.004167 0.001042
970 0.001031 0.001031 0.001031
980 0.002041 0.002041 0.000000
990 0.000000 0.000000 0.000000
1000 0.000000 0.000000 0.000000
1010 0.000990 0.000000 0.000000
1020 0.000000 0.000000 0.000000
1030 0.000000 0.000000 0.000000
1040 0.000000 0.000000 0.000000
1050 0.000000 0.000000 0.000000
1060 0.000000 0.000000 0.000000
1070 0.000000 0.000000 0.000000
1080 0.000000 0.000000 0.000000
1090 0.000000 0.000000 0.000000
1100 0.000000 0.000000 0.000000
1110 0.000000 0.000000 0.000000
1120 0.000000 0.000000 0.000000
1130 0.000000 0.000000 0.000000
1140 0.000000 0.000000 0.000000
1150 0.000000 0.000000 0.000000
1160 0.000000 0.000000 0.000000
1170 0.000000 0.000000 0.000000
1180 0.000000 0.000000 0.000000
1190 0.000000 0.000000 0.000000
1200 0.000000 0.000000 0.000000
1210 0.000000 0.000000 0.000000
1220 0.000000 0.000000 0.000000
1230 0.000000 0.000000 0.000000
1240 0.000000 0.000000 0.000000
1250 0.000000 0.000000 0.000000
1260 0.000000 0.000000 0.000000
1270 0.000000 0.000000 0.000000
1280 0.000000 0.000000 0.000000
1290 0.000000 0.000000 0.000000
1300 0.000000 0.000000 0.000000
1310 0.000000 0.000000 0.000000
1320 0.000000 0.000000 0.000000
1330 0.000000 0.000000 0.000000
1340 0.000000 0.000000 0.000000
1350 0.000000 0.000000 0.000000
1360 0.000000 0.000000 0.000000
1370 0.000000 0.000000 0.000000
1380 0.000000 0.000000 0.000000
1390 0.000000 0.000000 0.000000
1400 0.000000 0.000000 0.000000
1410 0.000000 0.000000 0.000000
1420 0.000000 0.000000 0.000000
1430 0.000000 0.000000 0.000000
1440 0.000000 0.000000 0.000000
1450 0.000000 0.000000 0.000000
1460 0.000000 0.000000 0.000000
1470 0.000000 0.000000 0.000000
1480 0.000000 0.000000 0.000000
1490 0.000000 0.000000 0.000000
1500 0.000000 0.000000 0.000000
1510 0.000000 0.000000 0.000000
1520 0.000000 0.000000 0.000000
1530 0.000000 0.000000 0.000000
1540 0.000000 0.000000 0.000000
1550 0.000000 0.000000 0.000000
1560 0.000000 0.000000 0.000000
1570 0.000000 0.000000 0.000000
1580 0.000000 0.000000 0.000000
1590 0.000000 0.000000 0.000000
1600 0.000000 0.000000 0.000000
1610 0.000000 0.000000 0.000000
1620 0.000000 0.000000 0.000000
1630 0.000000 0.000000 0.000000
1640 0.000000 0.000000 0.000000
1650 0.000000 0.000000 0.000000
1660 0.000000 0.000000 0.000000
1670 0.000000 0.000000 0.000000
1680 0.000000 0.000000 0.000000
1690 0.000000 0.000000 0.000000
1700 0.000000 0.000000 0.000000
1710 0.000000 0.000000 0.000000
1720 0.000000 0.000000 0.000000
1730 0.000000 0.000000 0.000000
1740 0.000000 0.000000 0.000000
1750 0.000000 0.000000 0.000000
1760 0.000000 0.000000 0.000000
1770 0.000000 0.000000 0.000000
1780 0.000000 0.000000 0.000000
1790 0.000000 0.000000 0.000000
1800 0.000000 0.000000 0.000000
1810 0.000000 0.000000 0.000000
1820 0.000000 0.000000 0.000000
1830 0.000000 0.000000 0.000000
1840 0.000000 0.000000 0.000000
1850 0.000000 0.000000 0.000000
1860 0.000000 0.000000 0.000000
1870 0.000000 0.000000 0.000000
1880 0.000000 0.000000 0.000000
1890 0.000000 0.000000 0.000000
1900 0.000000 0.000000 0.000000
1910 0.000000 0.000000 0.000000
1920 0.000000 0.000000 0.000000
1930 0.000000 0.000000 0.000000
1940 0.000000 0.000000 0.000000
1950 0.000000 0.000000 0.000000
1960 0.000000 0.000000 0.000000
1970 0.000000 0.000000 0.000000
1980 0.000000 0.000000 0.000000
1990 0.000000 0.000000 0.000000
2000 0.000000 0.000000 0.000000
2010 0.000000 0.000000 0.000000
20 1.000000 1.000000 1.000000
30 1.000000 1.000000 1.000000
40 1.000000 1.000000 1.000000
50 1.000000 1.000000 1.000000
60 1.000000 1.000000 1.000000
70 1.000000 1.000000 1.000000
80 1.000000 1.000000 1.000000
90 1.000000 1.000000 1.000000
100 1.000000 1.000000 1.000000
110 1.000000 1.000000 1.000000
120 1.000000 1.000000 1.000000
130 1.000000 1.000000 1.000000
140 1.000000 1.000000 1.000000
150 1.000000 1.000000 1.000000
160 1.000000 1.000000 1.000000
170 1.000000 1.000000 1.000000
180 1.000000 1.000000 1.000000
190 1.000000 1.000000 1.000000
200 1.000000 1.000000 1.000000
210 1.000000 1.000000 1.000000
220 1.000000 1.000000 1.000000
230 1.000000 1.000000 1.000000
240 1.000000 1.000000 1.000000
250 1.000000 1.000000 1.000000
260 1.000000 1.000000 1.000000
270 1.000000 1.000000 1.000000
280 1.000000 1.000000 1.000000
290 1.000000 1.000000 1.000000
300 1.000000 1.000000 1.000000
310 1.000000 1.000000 1.000000
320 1.000000 1.000000 1.000000
330 1.000000 1.000000 1.000000
340 1.000000 1.000000 1.000000
350 1.000000 1.000000 1.000000
360 1.000000 1.000000 1.000000
370 1.000000 1.000000 1.000000
380 1.000000 1.000000 1.000000
390 1.000000 1.000000 1.000000
400 1.000000 1.000000 1.000000
410 1.000000 1.000000 1.000000
420 1.000000 1.000000 1.000000
430 1.000000 1.000000 1.000000
440 1.000000 1.000000 1.000000
450 1.000000 1.000000 1.000000
460 1.000000 1.000000 1.000000
470 1.000000 1.000000 1.000000
480 1.000000 1.000000 1.000000
490 1.000000 1.000000 1.000000
500 1.000000 1.000000 1.000000
510 1.000000 1.000000 1.000000
520 1.000000 1.000000 1.000000
530 1.000000 1.000000 1.000000
540 1.000000 1.000000 1.000000
550 1.000000 1.000000 1.000000
560 1.000000 1.000000 1.000000
570 1.000000 1.000000 1.000000
580 1.000000 1.000000 1.000000
590 1.000000 1.000000 1.000000
600 1.000000 1.000000 1.000000
610 1.000000 1.000000 1.000000
620 1.000000 1.000000 1.000000
630 1.000000 1.000000 1.000000
640 1.000000 1.000000 1.000000
650 1.000000 1.000000 1.000000
660 1.000000 1.000000 1.000000
670 1.000000 1.000000 1.000000
680 1.000000 1.000000 1.000000
690 1.000000 1.000000 1.000000
700 1.000000 1.000000 1.000000
710 1.000000 1.000000 1.000000
720 1.000000 1.000000 1.000000
730 1.000000 1.000000 1.000000
740 1.000000 1.000000 1.000000
750 1.000000 1.000000 1.000000
760 1.000000 1.000000 1.000000
770 1.000000 1.000000 1.000000
780 1.000000 1.000000 1.000000
790 1.000000 1.000000 1.000000
800 1.000000 1.000000 1.000000
810 1.000000 1.000000 1.000000
820 1.000000 1.000000 1.000000
830 1.000000 1.000000 1.000000
840 1.000000 1.000000 1.000000
850 1.000000 1.000000 1.000000
860 1.000000 1.000000 0.998837
870 0.998851 0.998851 0.998851
880 0.998864 0.998864 0.998864
890 1.000000 1.000000 1.000000
900 0.997778 0.997778 0.996667
910 1.000000 1.000000 1.000000
920 0.996739 0.996739 0.996739
930 0.990323 0.990323 0.989247
940 0.989362 0.987234 0.982979
950 0.985263 0.983158 0.980000
960 0.951042 0.948958 0.941667
970 0.958763 0.956701 0.947423
980 0.870408 0.865306 0.854082
990 0.958586 0.955556 0.947475
1000 0.948000 0.940000 0.926000
1010 0.862376 0.857426 0.839604
1020 0.826471 0.822549 0.802941
1030 0.754369 0.746602 0.734951
1040 0.729808 0.721154 0.689423
1050 0.715238 0.703810 0.674286
1060 0.532075 0.527358 0.500943
1070 0.592523 0.584112 0.555140
1080 0.489815 0.478704 0.456481
1090 0.449541 0.439450 0.410092
1100 0.310909 0.305455 0.283636
1110 0.232432 0.224324 0.200901
1120 0.235714 0.225893 0.205357
1130 0.221239 0.215929 0.198230
1140 0.143860 0.138596 0.127193
1150 0.090435 0.087826 0.079130
1160 0.072414 0.070690 0.062069
1170 0.058974 0.055556 0.049573
1180 0.097458 0.096610 0.082203
1190 0.038655 0.036134 0.031092
1200 0.036667 0.035833 0.030833
1210 0.014876 0.014050 0.010744
1220 0.020492 0.019672 0.017213
1230 0.010569 0.010569 0.009756
1240 0.002419 0.002419 0.002419
1250 0.005600 0.005600 0.004800
1260 0.003175 0.003175 0.003175
1270 0.004724 0.004724 0.004724
1280 0.001563 0.001563 0.001563
1290 0.000775 0.000775 0.000000
1300 0.000000 0.000000 0.000000
1310 0.000000 0.000000 0.000000
1320 0.000000 0.000000 0.000000
1330 0.000000 0.000000 0.000000
1340 0.000000 0.000000 0.000000
1350 0.000000 0.000000 0.000000
1360 0.000000 0.000000 0.000000
1370 0.000000 0.000000 0.000000
1380 0.000000 0.000000 0.000000
1390 0.000000 0.000000 0.000000
1400 0.000000 0.000000 0.000000
1410 0.000000 0.000000 0.000000
1420 0.000000 0.000000 0.000000
1430 0.000000 0.000000 0.000000
1440 0.000000 0.000000 0.000000
1450 0.000000 0.000000 0.000000
1460 0.000000 0.000000 0.000000
1470 0.000000 0.000000 0.000000
1480 0.000000 0.000000 0.000000
1490 0.000000 0.000000 0.000000
1500 0.000000 0.000000 0.000000
1510 0.000000 0.000000 0.000000
1520 0.000000 0.000000 0.000000
1530 0.000000 0.000000 0.000000
1540 0.000000 0.000000 0.000000
1550 0.000000 0.000000 0.000000
1560 0.000000 0.000000 0.000000
1570 0.000000 0.000000 0.000000
1580 0.000000 0.000000 0.000000
1590 0.000000 0.000000 0.000000
1600 0.000000 0.000000 0.000000
1610 0.000000 0.000000 0.000000
1620 0.000000 0.000000 0.000000
1630 0.000000 0.000000 0.000000
1640 0.000000 0.000000 0.000000
1650 0.000000 0.000000 0.000000
1660 0.000000 0.000000 0.000000
1670 0.000000 0.000000 0.000000
1680 0.000000 0.000000 0.000000
1690 0.000000 0.000000 0.000000
1700 0.000000 0.000000 0.000000
1710 0.000000 0.000000 0.000000
1720 0.000000 0.000000 0.000000
1730 0.000000 0.000000 0.000000
1740 0.000000 0.000000 0.000000
1750 0.000000 0.000000 0.000000
1760 0.000000 0.000000 0.000000
1770 0.000000 0.000000 0.000000
1780 0.000000 0.000000 0.000000
1790 0.000000 0.000000 0.000000
1800 0.000000 0.000000 0.000000
1810 0.000000 0.000000 0.000000
1820 0.000000 0.000000 0.000000
1830 0.000000 0.000000 0.000000
1840 0.000000 0.000000 0.000000
1850 0.000000 0.000000 0.000000
1860 0.000000 0.000000 0.000000
1870 0.000000 0.000000 0.000000
1880 0.000000 0.000000 0.000000
1890 0.000000 0.000000 0.000000
1900 0.000000 0.000000 0.000000
1910 0.000000 0.000000 0.000000
1920 0.000000 0.000000 0.000000
1930 0.000000 0.000000 0.000000
1940 0.000000 0.000000 0.000000
1950 0.000000 0.000000 0.000000
1960 0.000000 0.000000 0.000000
1970 0.000000 0.000000 0.000000
1980 0.000000 0.000000 0.000000
1990 0.000000 0.000000 0.000000
2000 0.000000 0.000000 0.000000
2010 0.000000 0.000000 0.000000
20 1.000000 1.000000 1.000000
30 1.000000 1.000000 1.000000
40 1.000000 1.000000 1.000000
50 1.000000 1.000000 1.000000
60 1.000000 1.000000 1.000000
70 1.000000 1.000000 1.000000
80 1.000000 1.000000 1.000000
90 1.000000 1.000000 1.000000
100 1.000000 1.000000 1.000000
110 1.000000 1.000000 1.000000
120 1.000000 1.000000 1.000000
130 1.000000 1.000000 1.000000
140 1.000000 1.000000 1.000000
150 1.000000 1.000000 1.000000
160 1.000000 1.000000 1.000000
170 1.000000 1.000000 1.000000
180 1.000000 1.000000 1.000000
190 1.000000 1.000000 1.000000
200 1.000000 1.000000 1.000000
210 1.000000 1.000000 1.000000
220 1.000000 1.000000 1.000000
230 1.000000 1.000000 1.000000
240 1.000000 1.000000 1.000000
250 1.000000 1.000000 1.000000
260 1.000000 1.000000 1.000000
270 1.000000 1.000000 1.000000
280 1.000000 1.000000 1.000000
290 1.000000 1.000000 1.000000
300 1.000000 1.000000 1.000000
310 1.000000 1.000000 1.000000
320 1.000000 1.000000 1.000000
330 1.000000 1.000000 1.000000
340 1.000000 1.000000 1.000000
350 1.000000 1.000000 1.000000
360 1.000000 1.000000 1.000000
370 1.000000 1.000000 1.000000
380 1.000000 1.000000 1.000000
390 1.000000 1.000000 1.000000
400 1.000000 1.000000 1.000000
410 1.000000 1.000000 1.000000
420 1.000000 1.000000 1.000000
430 1.000000 1.000000 1.000000
440 1.000000 1.000000 1.000000
450 1.000000 1.000000 1.000000
460 1.000000 1.000000 1.000000
470 1.000000 1.000000 1.000000
480 1.000000 1.000000 1.000000
490 1.000000 1.000000 1.000000
500 1.000000 1.000000 1.000000
510 1.000000 1.000000 1.000000
520 1.000000 1.000000 1.000000
530 1.000000 1.000000 1.000000
540 1.000000 1.000000 1.000000
550 1.000000 1.000000 1.000000
560 1.000000 1.000000 1.000000
570 1.000000 1.000000 1.000000
580 1.000000 1.000000 1.000000
590 1.000000 1.000000 1.000000
600 1.000000 1.000000 1.000000
610 1.000000 1.000000 1.000000
620 1.000000 1.000000 1.000000
630 1.000000 1.000000 1.000000
640 1.000000 1.000000 1.000000
650 1.000000 1.000000 1.000000
660 1.000000 1.000000 1.000000
670 1.000000 1.000000 1.000000
680 1.000000 1.000000 1.000000
690 1.000000 1.000000 1.000000
700 1.000000 1.000000 1.000000
710 1.000000 1.000000 1.000000
720 1.000000 1.000000 1.000000
730 1.000000 1.000000 1.000000
740 1.000000 1.000000 1.000000
750 1.000000 1.000000 1.000000
760 1.000000 1.000000 1.000000
770 1.000000 1.000000 1.000000
780 1.000000 1.000000 1.000000
790 1.000000 1.000000 1.000000
800 1.000000 1.000000 1.000000
810 1.000000 1.000000 1.000000
820 1.000000 1.000000 1.000000
830 1.000000 1.000000 1.000000
840 1.000000 1.000000 1.000000
850 1.000000 1.000000 1.000000
860 1.000000 1.000000 1.000000
870 1.000000 1.000000 1.000000
880 1.000000 1.000000 1.000000
890 1.000000 1.000000 1.000000
900 1.000000 1.000000 1.000000
910 1.000000 1.000000 1.000000
920 1.000000 1.000000 1.000000
930 1.000000 1.000000 1.000000
940 1.000000 1.000000 1.000000
950 1.000000 1.000000 1.000000
960 1.000000 1.000000 1.000000
970 1.000000 1.000000 1.000000
980 1.000000 1.000000 1.000000
990 1.000000 1.000000 1.000000
1000 1.000000 1.000000 1.000000
1010 1.000000 1.000000 1.000000
1020 1.000000 1.000000 1.000000
1030 1.000000 1.000000 1.000000
1040 1.000000 1.000000 1.000000
1050 1.000000 1.000000 1.000000
1060 1.000000 1.000000 1.000000
1070 1.000000 1.000000 1.000000
1080 1.000000 1.000000 1.000000
1090 1.000000 1.000000 1.000000
1100 1.000000 1.000000 1.000000
1110 0.997297 0.997297 0.997297
1120 0.996429 0.996429 0.996429
1130 1.000000 1.000000 0.999115
1140 0.990351 0.989474 0.988596
1150 0.986957 0.986957 0.986957
1160 0.987931 0.987931 0.986207
1170 0.987179 0.987179 0.986325
1180 0.997458 0.996610 0.996610
1190 0.980672 0.980672 0.980672
1200 0.970000 0.969167 0.966667
1210 0.957851 0.955372 0.951240
1220 0.935246 0.933607 0.930328
1230 0.950407 0.948780 0.947154
1240 0.831452 0.825000 0.819355
1250 0.799200 0.794400 0.781600
1260 0.796032 0.789683 0.783333
1270 0.855906 0.852756 0.841732
1280 0.700000 0.696875 0.690625
1290 0.716279 0.708527 0.702326
1300 0.710000 0.705385 0.696154
1310 0.593893 0.587786 0.581679
1320 0.659848 0.653030 0.646212
1330 0.562406 0.557895 0.545865
1340 0.463433 0.453731 0.437313
1350 0.437778 0.431852 0.422222
1360 0.407353 0.404412 0.391912
1370 0.440146 0.435036 0.416788
1380 0.396377 0.389855 0.374638
1390 0.320863 0.316547 0.307194
1400 0.182857 0.181429 0.165000
1410 0.197163 0.193617 0.185816
1420 0.164789 0.161972 0.155634
1430 0.139161 0.134965 0.127972
1440 0.127778 0.125000 0.118750
1450 0.102759 0.100690 0.095172
1460 0.100685 0.098630 0.093836
1470 0.107483 0.106803 0.103401
1480 0.063514 0.060811 0.059459
1490 0.055034 0.055034 0.051007
1500 0.022000 0.021333 0.020667
1510 0.025166 0.023179 0.021854
1520 0.017105 0.017105 0.015789
1530 0.016993 0.015686 0.015033
1540 0.014286 0.014286 0.012987
1550 0.012258 0.012258 0.012258
1560 0.007051 0.007051 0.007051
1570 0.001911 0.001911 0.001911
1580 0.004430 0.004430 0.003797
1590 0.003774 0.003774 0.003145
1600 0.002500 0.002500 0.002500
1610 0.001242 0.001242 0.001242
1620 0.003086 0.002469 0.002469
1630 0.001227 0.001227 0.001227
1640 0.000610 0.000610 0.000610
1650 0.000606 0.000606 0.000606
1660 0.000602 0.000602 0.000000
1670 0.000000 0.000000 0.000000
1680 0.000000 0.000000 0.000000
1690 0.000592 0.000592 0.000592
1700 0.000000 0.000000 0.000000
1710 0.000585 0.000585 0.000585
1720 0.000000 0.000000 0.000000
1730 0.000000 0.000000 0.000000
1740 0.000000 0.000000 0.000000
1750 0.000000 0.000000 0.000000
1760 0.000000 0.000000 0.000000
1770 0.000000 0.000000 0.000000
1780 0.000000 0.000000 0.000000
1790 0.000000 0.000000 0.000000
1800 0.000000 0.000000 0.000000
1810 0.000000 0.000000 0.000000
1820 0.000000 0.000000 0.000000
1830 0.000000 0.000000 0.000000
1840 0.000000 0.000000 0.000000
1850 0.000000 0.000000 0.000000
1860 0.000000 0.000000 0.000000
1870 0.000000 0.000000 0.000000
1880 0.000000 0.000000 0.000000
1890 0.000000 0.000000 0.000000
1900 0.000000 0.000000 0.000000
1910 0.000000 0.000000 0.000000
1920 0.000000 0.000000 0.000000
1930 0.000000 0.000000 0.000000
1940 0.000000 0.000000 0.000000
1950 0.000000 0.000000 0.000000
1960 0.000000 0.000000 0.000000
1970 0.000000 0.000000 0.000000
1980 0.000000 0.000000 0.000000
1990 0.000000 0.000000 0.000000
2000 0.000000 0.000000 0.000000
2010 0.000000 0.000000 0.000000
