20 1.000000 1.000000 1.000000
22 1.000000 1.000000 1.000000
24 1.000000 1.000000 1.000000
26 1.000000 1.000000 1.000000
28 0.964286 0.964286 0.964286
30 0.966667 0.966667 0.966667
32 1.000000 1.000000 1.000000
34 1.000000 1.000000 1.000000
36 0.944444 0.944444 0.944444
38 0.973684 0.973684 0.973684
40 1.000000 1.000000 1.000000
42 1.000000 1.000000 1.000000
44 1.000000 1.000000 1.000000
46 1.000000 1.000000 1.000000
48 1.000000 1.000000 1.000000
50 1.000000 1.000000 1.000000
52 1.000000 1.000000 1.000000
54 1.000000 1.000000 1.000000
56 1.000000 1.000000 1.000000
58 1.000000 1.000000 1.000000
60 1.000000 1.000000 1.000000
62 1.000000 1.000000 1.000000
64 1.000000 1.000000 1.000000
66 1.000000 1.000000 1.000000
68 1.000000 1.000000 1.000000
70 1.000000 1.000000 1.000000
72 1.000000 1.000000 1.000000
74 1.000000 1.000000 1.000000
76 1.000000 1.000000 1.000000
78 1.000000 1.000000 1.000000
80 1.000000 1.000000 1.000000
82 1.000000 1.000000 1.000000
84 1.000000 1.000000 1.000000
86 1.000000 1.000000 1.000000
88 1.000000 1.000000 1.000000
90 1.000000 1.000000 1.000000
92 1.000000 1.000000 1.000000
94 1.000000 1.000000 1.000000
96 0.989583 0.989583 0.989583
98 1.000000 1.000000 1.000000
100 1.000000 1.000000 1.000000
102 1.000000 1.000000 1.000000
104 1.000000 1.000000 1.000000
106 1.000000 1.000000 1.000000
108 1.000000 1.000000 1.000000
110 0.990000 0.990000 0.990000
112 1.000000 1.000000 1.000000
114 1.000000 1.000000 1.000000
116 1.000000 1.000000 1.000000
118 1.000000 1.000000 1.000000
120 1.000000 1.000000 1.000000
122 1.000000 1.000000 1.000000
124 1.000000 1.000000 1.000000
126 1.000000 1.000000 1.000000
128 1.000000 1.000000 1.000000
130 1.000000 1.000000 1.000000
132 1.000000 1.000000 1.000000
134 1.000000 1.000000 1.000000
136 1.000000 1.000000 0.970000
138 1.000000 1.000000 1.000000
140 1.000000 1.000000 1.000000
142 1.000000 1.000000 1.000000
144 1.000000 1.000000 1.000000
146 1.000000 1.000000 1.000000
148 0.990000 0.990000 0.990000
150 1.000000 1.000000 1.000000
152 1.000000 1.000000 1.000000
154 1.000000 1.000000 0.990000
156 0.990000 0.990000 0.990000
158 0.990000 0.990000 0.980000
160 1.000000 1.000000 0.980000
162 1.000000 1.000000 1.000000
164 1.000000 1.000000 1.000000
166 1.000000 1.000000 1.000000
168 1.000000 1.000000 0.990000
170 1.000000 1.000000 1.000000
172 1.000000 1.000000 0.980000
174 1.000000 1.000000 0.990000
176 1.000000 1.000000 1.000000
178 1.000000 1.000000 0.980000
180 1.000000 1.000000 0.980000
182 1.000000 1.000000 0.980000
184 1.000000 1.000000 0.980000
186 0.990000 0.990000 0.980000
188 1.000000 0.990000 0.990000
190 1.000000 1.000000 0.970000
192 1.000000 0.990000 0.970000
194 1.000000 1.000000 0.980000
196 1.000000 1.000000 0.960000
198 1.000000 1.000000 0.960000
200 1.000000 1.000000 0.960000
202 0.990000 0.990000 0.960000
204 0.990000 0.990000 0.970000
206 1.000000 1.000000 0.960000
208 0.990000 0.990000 0.950000
210 1.000000 1.000000 0.970000
212 1.000000 1.000000 0.940000
214 1.000000 1.000000 0.920000
216 1.000000 1.000000 0.910000
218 1.000000 1.000000 0.960000
220 0.990000 0.990000 0.910000
222 1.000000 1.000000 0.960000
224 1.000000 1.000000 0.910000
226 1.000000 0.990000 0.880000
228 1.000000 0.980000 0.940000
230 0.990000 0.980000 0.890000
232 0.990000 0.990000 0.920000
234 0.990000 0.990000 0.880000
236 0.960000 0.940000 0.850000
238 0.990000 0.990000 0.870000
240 0.930000 0.930000 0.790000
242 0.990000 0.990000 0.860000
244 0.990000 0.970000 0.840000
246 0.970000 0.950000 0.800000
248 0.960000 0.940000 0.850000
250 0.990000 0.960000 0.850000
252 1.000000 0.970000 0.840000
254 1.000000 1.000000 0.780000
256 0.970000 0.970000 0.800000
258 0.900000 0.890000 0.670000
260 0.970000 0.960000 0.670000
262 0.860000 0.830000 0.590000
264 0.920000 0.860000 0.580000
266 0.890000 0.850000 0.610000
268 0.950000 0.920000 0.700000
270 0.910000 0.880000 0.610000
272 0.910000 0.870000 0.580000
274 0.920000 0.880000 0.620000
276 0.900000 0.860000 0.640000
278 0.860000 0.810000 0.570000
280 0.750000 0.730000 0.500000
282 0.820000 0.770000 0.440000
284 0.700000 0.670000 0.430000
286 0.810000 0.750000 0.490000
288 0.660000 0.600000 0.380000
290 0.600000 0.510000 0.300000
292 0.620000 0.550000 0.320000
294 0.740000 0.700000 0.450000
296 0.620000 0.570000 0.390000
298 0.670000 0.610000 0.330000
300 0.640000 0.520000 0.250000
302 0.580000 0.500000 0.300000
304 0.450000 0.400000 0.230000
306 0.600000 0.560000 0.330000
308 0.540000 0.470000 0.250000
310 0.600000 0.490000 0.230000
312 0.530000 0.460000 0.250000
314 0.420000 0.340000 0.160000
316 0.440000 0.340000 0.190000
318 0.320000 0.280000 0.160000
320 0.200000 0.160000 0.050000
322 0.410000 0.330000 0.220000
324 0.250000 0.220000 0.100000
326 0.190000 0.160000 0.070000
328 0.180000 0.110000 0.070000
330 0.450000 0.360000 0.190000
332 0.250000 0.240000 0.120000
334 0.180000 0.130000 0.060000
336 0.150000 0.100000 0.040000
338 0.190000 0.140000 0.070000
20 1.000000 1.000000 1.000000
22 1.000000 1.000000 1.000000
24 1.000000 1.000000 1.000000
26 0.961538 0.961538 0.961538
28 1.000000 1.000000 1.000000
30 1.000000 1.000000 1.000000
32 1.000000 1.000000 1.000000
34 1.000000 1.000000 1.000000
36 1.000000 1.000000 1.000000
38 0.921053 0.921053 0.921053
40 1.000000 1.000000 1.000000
42 0.976190 0.976190 0.976190
44 1.000000 1.000000 1.000000
46 1.000000 1.000000 1.000000
48 1.000000 1.000000 1.000000
50 1.000000 1.000000 1.000000
52 1.000000 1.000000 1.000000
54 1.000000 1.000000 1.000000
56 1.000000 1.000000 1.000000
58 1.000000 1.000000 1.000000
60 1.000000 1.000000 1.000000
62 1.000000 1.000000 1.000000
64 1.000000 1.000000 1.000000
66 1.000000 1.000000 1.000000
68 1.000000 1.000000 1.000000
70 1.000000 1.000000 1.000000
72 1.000000 1.000000 1.000000
74 1.000000 1.000000 1.000000
76 1.000000 1.000000 1.000000
78 1.000000 1.000000 1.000000
80 1.000000 1.000000 1.000000
82 1.000000 1.000000 1.000000
84 1.000000 1.000000 1.000000
86 1.000000 1.000000 1.000000
88 1.000000 1.000000 1.000000
90 1.000000 1.000000 1.000000
92 1.000000 1.000000 1.000000
94 1.000000 1.000000 1.000000
96 1.000000 1.000000 1.000000
98 1.000000 1.000000 1.000000
100 1.000000 1.000000 1.000000
102 1.000000 1.000000 1.000000
104 1.000000 1.000000 1.000000
106 1.000000 1.000000 1.000000
108 1.000000 1.000000 1.000000
110 1.000000 1.000000 1.000000
112 1.000000 1.000000 0.990000
114 1.000000 1.000000 1.000000
116 1.000000 1.000000 1.000000
118 1.000000 1.000000 1.000000
120 1.000000 1.000000 0.990000
122 1.000000 1.000000 1.000000
124 1.000000 1.000000 0.990000
126 1.000000 1.000000 0.990000
128 0.990000 0.990000 0.990000
130 1.000000 1.000000 1.000000
132 1.000000 1.000000 0.990000
134 1.000000 1.000000 0.980000
136 1.000000 1.000000 1.000000
138 1.000000 0.990000 0.950000
140 1.000000 1.000000 0.970000
142 1.000000 1.000000 0.960000
144 1.000000 1.000000 0.950000
146 1.000000 1.000000 0.990000
148 1.000000 1.000000 0.910000
150 1.000000 1.000000 0.910000
152 1.000000 1.000000 0.940000
154 1.000000 1.000000 0.900000
156 0.990000 0.990000 0.930000
158 1.000000 0.990000 0.850000
160 0.980000 0.980000 0.800000
162 0.970000 0.970000 0.760000
164 1.000000 0.970000 0.800000
166 0.970000 0.970000 0.770000
168 1.000000 1.000000 0.860000
170 1.000000 0.980000 0.830000
172 0.990000 0.990000 0.650000
174 0.970000 0.960000 0.690000
176 0.990000 0.960000 0.740000
178 0.980000 0.960000 0.660000
180 0.950000 0.880000 0.560000
182 0.970000 0.920000 0.610000
184 0.970000 0.860000 0.450000
186 0.960000 0.910000 0.500000
188 0.880000 0.850000 0.540000
190 0.950000 0.910000 0.530000
192 0.930000 0.830000 0.390000
194 0.830000 0.760000 0.340000
196 0.880000 0.830000 0.360000
198 0.870000 0.830000 0.310000
200 0.820000 0.720000 0.370000
202 0.830000 0.730000 0.350000
204 0.850000 0.800000 0.330000
206 0.810000 0.680000 0.240000
208 0.730000 0.590000 0.120000
210 0.740000 0.590000 0.210000
212 0.580000 0.440000 0.120000
214 0.700000 0.550000 0.080000
216 0.610000 0.510000 0.170000
218 0.690000 0.530000 0.100000
220 0.460000 0.330000 0.060000
222 0.550000 0.420000 0.100000
224 0.400000 0.310000 0.060000
226 0.350000 0.280000 0.020000
228 0.440000 0.290000 0.040000
230 0.460000 0.340000 0.070000
232 0.310000 0.230000 0.030000
234 0.310000 0.170000 0.010000
236 0.440000 0.280000 0.040000
238 0.390000 0.270000 0.040000
240 0.190000 0.100000 0.000000
242 0.200000 0.100000 0.000000
244 0.240000 0.160000 0.040000
246 0.150000 0.090000 0.000000
248 0.300000 0.140000 0.030000
250 0.150000 0.080000 0.010000
252 0.200000 0.090000 0.000000
254 0.100000 0.050000 0.000000
256 0.180000 0.070000 0.000000
258 0.120000 0.090000 0.000000
260 0.060000 0.040000 0.000000
262 0.070000 0.010000 0.000000
264 0.060000 0.030000 0.000000
266 0.080000 0.040000 0.000000
268 0.050000 0.020000 0.000000
270 0.100000 0.060000 0.000000
272 0.030000 0.020000 0.000000
274 0.010000 0.010000 0.000000
276 0.030000 0.010000 0.000000
278 0.060000 0.000000 0.000000
280 0.010000 0.000000 0.000000
282 0.000000 0.000000 0.000000
284 0.010000 0.010000 0.000000
286 0.040000 0.010000 0.000000
288 0.010000 0.000000 0.000000
290 0.000000 0.000000 0.000000
292 0.000000 0.000000 0.000000
294 0.000000 0.000000 0.000000
296 0.000000 0.000000 0.000000
298 0.000000 0.000000 0.000000
300 0.000000 0.000000 0.000000
302 0.000000 0.000000 0.000000
304 0.010000 0.000000 0.000000
306 0.000000 0.000000 0.000000
308 0.000000 0.000000 0.000000
310 0.000000 0.000000 0.000000
312 0.000000 0.000000 0.000000
314 0.000000 0.000000 0.000000
316 0.000000 0.000000 0.000000
318 0.000000 0.000000 0.000000
320 0.000000 0.000000 0.000000
322 0.000000 0.000000 0.000000
324 0.000000 0.000000 0.000000
326 0.000000 0.000000 0.000000
328 0.000000 0.000000 0.000000
330 0.000000 0.000000 0.000000
332 0.000000 0.000000 0.000000
334 0.000000 0.000000 0.000000
336 0.000000 0.000000 0.000000
338 0.000000 0.000000 0.000000
20 1.000000 1.000000 1.000000
22 1.000000 1.000000 1.000000
24 1.000000 1.000000 1.000000
26 1.000000 1.000000 1.000000
28 1.000000 1.000000 1.000000
30 1.000000 1.000000 1.000000
32 1.000000 1.000000 1.000000
34 1.000000 1.000000 1.000000
36 0.972222 0.972222 0.972222
38 0.947368 0.947368 0.947368
40 1.000000 1.000000 1.000000
42 1.000000 1.000000 1.000000
44 1.000000 1.000000 1.000000
46 1.000000 1.000000 1.000000
48 1.000000 1.000000 1.000000
50 1.000000 1.000000 1.000000
52 1.000000 1.000000 1.000000
54 1.000000 1.000000 1.000000
56 1.000000 1.000000 1.000000
58 1.000000 1.000000 1.000000
60 1.000000 1.000000 1.000000
62 1.000000 1.000000 1.000000
64 1.000000 1.000000 1.000000
66 1.000000 1.000000 1.000000
68 1.000000 1.000000 1.000000
70 1.000000 1.000000 1.000000
72 1.000000 1.000000 1.000000
74 1.000000 1.000000 0.972973
76 1.000000 1.000000 1.000000
78 1.000000 1.000000 0.987179
80 1.000000 1.000000 0.937500
82 1.000000 1.000000 0.926829
84 1.000000 1.000000 0.940476
86 1.000000 1.000000 0.965116
88 0.977273 0.977273 0.886364
90 1.000000 1.000000 0.933333
92 0.967391 0.967391 0.836957
94 1.000000 0.968085 0.712766
96 0.989583 0.968750 0.791667
98 0.969388 0.959184 0.693878
100 0.940000 0.920000 0.720000
102 0.940000 0.930000 0.650000
104 0.930000 0.900000 0.550000
106 0.910000 0.900000 0.460000
108 0.880000 0.850000 0.570000
110 0.900000 0.860000 0.370000
112 0.930000 0.910000 0.530000
114 0.780000 0.740000 0.330000
116 0.790000 0.730000 0.330000
118 0.830000 0.740000 0.200000
120 0.840000 0.770000 0.260000
122 0.790000 0.690000 0.160000
124 0.660000 0.600000 0.150000
126 0.620000 0.520000 0.120000
128 0.510000 0.450000 0.080000
130 0.580000 0.510000 0.140000
132 0.550000 0.420000 0.060000
134 0.350000 0.300000 0.050000
136 0.400000 0.340000 0.050000
138 0.980000 0.940000 0.520000
140 0.310000 0.240000 0.010000
142 0.320000 0.250000 0.000000
144 0.290000 0.200000 0.030000
146 0.330000 0.220000 0.010000
148 0.680000 0.550000 0.070000
150 0.180000 0.110000 0.000000
152 0.130000 0.070000 0.000000
154 0.150000 0.080000 0.000000
156 0.080000 0.030000 0.000000
158 0.100000 0.030000 0.000000
160 0.160000 0.070000 0.000000
162 0.100000 0.040000 0.010000
164 0.140000 0.050000 0.000000
166 0.060000 0.050000 0.000000
168 0.030000 0.000000 0.000000
170 0.070000 0.030000 0.000000
172 0.040000 0.020000 0.000000
174 0.350000 0.200000 0.010000
176 0.010000 0.010000 0.000000
178 0.040000 0.010000 0.000000
180 0.020000 0.020000 0.000000
182 0.020000 0.010000 0.000000
184 0.100000 0.030000 0.000000
186 0.010000 0.010000 0.000000
188 0.010000 0.000000 0.000000
190 0.060000 0.020000 0.000000
192 0.010000 0.010000 0.000000
194 0.010000 0.000000 0.000000
196 0.000000 0.000000 0.000000
198 0.000000 0.000000 0.000000
200 0.000000 0.000000 0.000000
202 0.010000 0.000000 0.000000
204 0.000000 0.000000 0.000000
206 0.020000 0.000000 0.000000
208 0.000000 0.000000 0.000000
210 0.000000 0.000000 0.000000
212 0.000000 0.000000 0.000000
214 0.010000 0.000000 0.000000
216 0.000000 0.000000 0.000000
218 0.000000 0.000000 0.000000
220 0.000000 0.000000 0.000000
222 0.000000 0.000000 0.000000
224 0.000000 0.000000 0.000000
226 0.000000 0.000000 0.000000
228 0.000000 0.000000 0.000000
230 0.000000 0.000000 0.000000
232 0.000000 0.000000 0.000000
234 0.000000 0.000000 0.000000
236 0.000000 0.000000 0.000000
238 0.000000 0.000000 0.000000
240 0.000000 0.000000 0.000000
242 0.000000 0.000000 0.000000
244 0.000000 0.000000 0.000000
246 0.000000 0.000000 0.000000
248 0.000000 0.000000 0.000000
250 0.000000 0.000000 0.000000
252 0.000000 0.000000 0.000000
254 0.000000 0.000000 0.000000
256 0.000000 0.000000 0.000000
258 0.000000 0.000000 0.000000
260 0.000000 0.000000 0.000000
262 0.000000 0.000000 0.000000
264 0.000000 0.000000 0.000000
266 0.000000 0.000000 0.000000
268 0.000000 0.000000 0.000000
270 0.000000 0.000000 0.000000
272 0.000000 0.000000 0.000000
274 0.000000 0.000000 0.000000
276 0.000000 0.000000 0.000000
278 0.000000 0.000000 0.000000
280 0.000000 0.000000 0.000000
282 0.000000 0.000000 0.000000
284 0.000000 0.000000 0.000000
286 0.000000 0.000000 0.000000
288 0.000000 0.000000 0.000000
290 0.000000 0.000000 0.000000
292 0.000000 0.000000 0.000000
294 0.000000 0.000000 0.000000
296 0.000000 0.000000 0.000000
298 0.000000 0.000000 0.000000
300 0.000000 0.000000 0.000000
302 0.000000 0.000000 0.000000
304 0.000000 0.000000 0.000000
306 0.000000 0.000000 0.000000
308 0.000000 0.000000 0.000000
310 0.000000 0.000000 0.000000
312 0.000000 0.000000 0.000000
314 0.000000 0.000000 0.000000
316 0.000000 0.000000 0.000000
318 0.000000 0.000000 0.000000
320 0.000000 0.000000 0.000000
322 0.000000 0.000000 0.000000
324 0.000000 0.000000 0.000000
326 0.000000 0.000000 0.000000
328 0.000000 0.000000 0.000000
330 0.000000 0.000000 0.000000
332 0.000000 0.000000 0.000000
334 0.000000 0.000000 0.000000
336 0.000000 0.000000 0.000000
338 0.000000 0.000000 0.000000
20 1.000000 1.000000 1.000000
22 1.000000 1.000000 1.000000
24 1.000000 1.000000 1.000000
26 1.000000 1.000000 1.000000
28 1.000000 1.000000 1.000000
30 1.000000 1.000000 1.000000
32 0.968750 0.968750 0.968750
34 0.941176 0.941176 0.941176
36 0.972222 0.972222 0.972222
38 0.973684 0.973684 0.973684
40 1.000000 1.000000 1.000000
42 1.000000 1.000000 1.000000
44 1.000000 1.000000 0.909091
46 1.000000 1.000000 0.956522
48 0.979167 0.979167 0.895833
50 0.980000 0.980000 0.980000
52 0.961538 0.961538 0.711538
54 0.796296 0.796296 0.518519
56 0.714286 0.714286 0.553571
58 0.844828 0.844828 0.568966
60 0.600000 0.583333 0.216667
62 0.629032 0.596774 0.306452
64 0.421875 0.390625 0.218750
66 0.500000 0.454545 0.151515
68 0.352941 0.338235 0.088235
70 0.257143 0.257143 0.100000
72 0.194444 0.180556 0.041667
74 0.081081 0.081081 0.027027
76 0.144737 0.118421 0.000000
78 0.076923 0.064103 0.000000
80 0.037500 0.037500 0.000000
82 0.060976 0.048780 0.000000
84 0.023810 0.023810 0.000000
86 0.023256 0.023256 0.000000
88 0.034091 0.034091 0.000000
90 0.022222 0.011111 0.000000
92 0.010870 0.010870 0.000000
94 0.021277 0.021277 0.000000
96 0.656250 0.541667 0.125000
98 0.000000 0.000000 0.000000
100 0.000000 0.000000 0.000000
102 0.010000 0.010000 0.000000
104 0.000000 0.000000 0.000000
106 0.000000 0.000000 0.000000
108 0.000000 0.000000 0.000000
110 0.000000 0.000000 0.000000
112 0.000000 0.000000 0.000000
114 0.000000 0.000000 0.000000
116 0.000000 0.000000 0.000000
118 0.130000 0.070000 0.000000
120 0.000000 0.000000 0.000000
122 0.000000 0.000000 0.000000
124 0.000000 0.000000 0.000000
126 0.000000 0.000000 0.000000
128 0.000000 0.000000 0.000000
130 0.000000 0.000000 0.000000
132 0.000000 0.000000 0.000000
134 0.000000 0.000000 0.000000
136 0.000000 0.000000 0.000000
138 0.000000 0.000000 0.000000
140 0.000000 0.000000 0.000000
142 0.000000 0.000000 0.000000
144 0.000000 0.000000 0.000000
146 0.010000 0.000000 0.000000
148 0.000000 0.000000 0.000000
150 0.000000 0.000000 0.000000
152 0.000000 0.000000 0.000000
154 0.000000 0.000000 0.000000
156 0.000000 0.000000 0.000000
158 0.000000 0.000000 0.000000
160 0.000000 0.000000 0.000000
162 0.000000 0.000000 0.000000
164 0.000000 0.000000 0.000000
166 0.000000 0.000000 0.000000
168 0.000000 0.000000 0.000000
170 0.000000 0.000000 0.000000
172 0.000000 0.000000 0.000000
174 0.000000 0.000000 0.000000
176 0.000000 0.000000 0.000000
178 0.000000 0.000000 0.000000
180 0.000000 0.000000 0.000000
182 0.000000 0.000000 0.000000
184 0.000000 0.000000 0.000000
186 0.000000 0.000000 0.000000
188 0.000000 0.000000 0.000000
190 0.000000 0.000000 0.000000
192 0.000000 0.000000 0.000000
194 0.000000 0.000000 0.000000
196 0.000000 0.000000 0.000000
198 0.000000 0.000000 0.000000
200 0.000000 0.000000 0.000000
202 0.000000 0.000000 0.000000
204 0.000000 0.000000 0.000000
206 0.000000 0.000000 0.000000
208 0.000000 0.000000 0.000000
210 0.000000 0.000000 0.000000
212 0.000000 0.000000 0.000000
214 0.000000 0.000000 0.000000
216 0.000000 0.000000 0.000000
218 0.000000 0.000000 0.000000
220 0.000000 0.000000 0.000000
222 0.000000 0.000000 0.000000
224 0.000000 0.000000 0.000000
226 0.000000 0.000000 0.000000
228 0.000000 0.000000 0.000000
230 0.000000 0.000000 0.000000
232 0.000000 0.000000 0.000000
234 0.000000 0.000000 0.000000
236 0.000000 0.000000 0.000000
238 0.000000 0.000000 0.000000
240 0.000000 0.000000 0.000000
242 0.000000 0.000000 0.000000
244 0.000000 0.000000 0.000000
246 0.000000 0.000000 0.000000
248 0.000000 0.000000 0.000000
250 0.000000 0.000000 0.000000
252 0.000000 0.000000 0.000000
254 0.000000 0.000000 0.000000
256 0.000000 0.000000 0.000000
258 0.000000 0.000000 0.000000
260 0.000000 0.000000 0.000000
262 0.000000 0.000000 0.000000
264 0.000000 0.000000 0.000000
266 0.000000 0.000000 0.000000
268 0.000000 0.000000 0.000000
270 0.000000 0.000000 0.000000
272 0.000000 0.000000 0.000000
274 0.000000 0.000000 0.000000
276 0.000000 0.000000 0.000000
278 0.000000 0.000000 0.000000
280 0.000000 0.000000 0.000000
282 0.000000 0.000000 0.000000
284 0.000000 0.000000 0.000000
286 0.000000 0.000000 0.000000
288 0.000000 0.000000 0.000000
290 0.000000 0.000000 0.000000
292 0.000000 0.000000 0.000000
294 0.000000 0.000000 0.000000
296 0.000000 0.000000 0.000000
298 0.000000 0.000000 0.000000
300 0.000000 0.000000 0.000000
302 0.000000 0.000000 0.000000
304 0.000000 0.000000 0.000000
306 0.000000 0.000000 0.000000
308 0.000000 0.000000 0.000000
310 0.000000 0.000000 0.000000
312 0.000000 0.000000 0.000000
314 0.000000 0.000000 0.000000
316 0.000000 0.000000 0.000000
318 0.000000 0.000000 0.000000
320 0.000000 0.000000 0.000000
322 0.000000 0.000000 0.000000
324 0.000000 0.000000 0.000000
326 0.000000 0.000000 0.000000
328 0.000000 0.000000 0.000000
330 0.000000 0.000000 0.000000
332 0.000000 0.000000 0.000000
334 0.000000 0.000000 0.000000
336 0.000000 0.000000 0.000000
338 0.000000 0.000000 0.000000
20 1.000000 1.000000 1.000000
22 0.909091 0.909091 0.818182
24 0.791667 0.791667 0.791667
26 0.846154 0.846154 0.576923
28 0.428571 0.428571 0.321429
30 0.966667 0.966667 0.966667
32 0.312500 0.312500 0.156250
34 0.117647 0.117647 0.058824
36 0.083333 0.083333 0.055556
38 0.157895 0.131579 0.000000
40 0.000000 0.000000 0.000000
42 0.000000 0.000000 0.000000
44 0.000000 0.000000 0.000000
46 0.000000 0.000000 0.000000
48 0.000000 0.000000 0.000000
50 0.000000 0.000000 0.000000
52 0.000000 0.000000 0.000000
54 0.000000 0.000000 0.000000
56 0.946429 0.946429 0.750000
58 0.000000 0.000000 0.000000
60 0.000000 0.000000 0.000000
62 0.000000 0.000000 0.000000
64 0.000000 0.000000 0.000000
66 0.000000 0.000000 0.000000
68 0.000000 0.000000 0.000000
70 0.000000 0.000000 0.000000
72 0.000000 0.000000 0.000000
74 0.000000 0.000000 0.000000
76 0.000000 0.000000 0.000000
78 0.000000 0.000000 0.000000
80 0.000000 0.000000 0.000000
82 0.000000 0.000000 0.000000
84 0.000000 0.000000 0.000000
86 0.000000 0.000000 0.000000
88 0.000000 0.000000 0.000000
90 0.000000 0.000000 0.000000
92 0.000000 0.000000 0.000000
94 0.000000 0.000000 0.000000
96 0.000000 0.000000 0.000000
98 0.030612 0.030612 0.000000
100 0.000000 0.000000 0.000000
102 0.000000 0.000000 0.000000
104 0.000000 0.000000 0.000000
106 0.000000 0.000000 0.000000
108 0.000000 0.000000 0.000000
110 0.000000 0.000000 0.000000
112 0.000000 0.000000 0.000000
114 0.000000 0.000000 0.000000
116 0.000000 0.000000 0.000000
118 0.000000 0.000000 0.000000
120 0.000000 0.000000 0.000000
122 0.000000 0.000000 0.000000
124 0.000000 0.000000 0.000000
126 0.000000 0.000000 0.000000
128 0.000000 0.000000 0.000000
130 0.000000 0.000000 0.000000
132 0.000000 0.000000 0.000000
134 0.000000 0.000000 0.000000
136 0.000000 0.000000 0.000000
138 0.000000 0.000000 0.000000
140 0.000000 0.000000 0.000000
142 0.000000 0.000000 0.000000
144 0.000000 0.000000 0.000000
146 0.000000 0.000000 0.000000
148 0.000000 0.000000 0.000000
150 0.000000 0.000000 0.000000
152 0.000000 0.000000 0.000000
154 0.000000 0.000000 0.000000
156 0.000000 0.000000 0.000000
158 0.000000 0.000000 0.000000
160 0.000000 0.000000 0.000000
162 0.000000 0.000000 0.000000
164 0.000000 0.000000 0.000000
166 0.000000 0.000000 0.000000
168 0.000000 0.000000 0.000000
170 0.000000 0.000000 0.000000
172 0.000000 0.000000 0.000000
174 0.000000 0.000000 0.000000
176 0.000000 0.000000 0.000000
178 0.000000 0.000000 0.000000
180 0.000000 0.000000 0.000000
182 0.000000 0.000000 0.000000
184 0.000000 0.000000 0.000000
186 0.000000 0.000000 0.000000
188 0.000000 0.000000 0.000000
190 0.000000 0.000000 0.000000
192 0.000000 0.000000 0.000000
194 0.000000 0.000000 0.000000
196 0.000000 0.000000 0.000000
198 0.000000 0.000000 0.000000
200 0.000000 0.000000 0.000000
202 0.000000 0.000000 0.000000
204 0.000000 0.000000 0.000000
206 0.000000 0.000000 0.000000
208 0.000000 0.000000 0.000000
210 0.000000 0.000000 0.000000
212 0.000000 0.000000 0.000000
214 0.000000 0.000000 0.000000
216 0.000000 0.000000 0.000000
218 0.000000 0.000000 0.000000
220 0.000000 0.000000 0.000000
222 0.000000 0.000000 0.000000
224 0.000000 0.000000 0.000000
226 0.000000 0.000000 0.000000
228 0.000000 0.000000 0.000000
230 0.000000 0.000000 0.000000
232 0.000000 0.000000 0.000000
234 0.000000 0.000000 0.000000
236 0.000000 0.000000 0.000000
238 0.000000 0.000000 0.000000
240 0.000000 0.000000 0.000000
242 0.000000 0.000000 0.000000
244 0.000000 0.000000 0.000000
246 0.000000 0.000000 0.000000
248 0.000000 0.000000 0.000000
250 0.000000 0.000000 0.000000
252 0.000000 0.000000 0.000000
254 0.000000 0.000000 0.000000
256 0.000000 0.000000 0.000000
258 0.000000 0.000000 0.000000
260 0.000000 0.000000 0.000000
262 0.000000 0.000000 0.000000
264 0.000000 0.000000 0.000000
266 0.000000 0.000000 0.000000
268 0.000000 0.000000 0.000000
270 0.000000 0.000000 0.000000
272 0.000000 0.000000 0.000000
274 0.000000 0.000000 0.000000
276 0.000000 0.000000 0.000000
278 0.000000 0.000000 0.000000
280 0.000000 0.000000 0.000000
282 0.000000 0.000000 0.000000
284 0.000000 0.000000 0.000000
286 0.000000 0.000000 0.000000
288 0.000000 0.000000 0.000000
290 0.000000 0.000000 0.000000
292 0.000000 0.000000 0.000000
294 0.000000 0.000000 0.000000
296 0.000000 0.000000 0.000000
298 0.000000 0.000000 0.000000
300 0.000000 0.000000 0.000000
302 0.000000 0.000000 0.000000
304 0.000000 0.000000 0.000000
306 0.000000 0.000000 0.000000
308 0.000000 0.000000 0.000000
310 0.000000 0.000000 0.000000
312 0.000000 0.000000 0.000000
314 0.000000 0.000000 0.000000
316 0.000000 0.000000 0.000000
318 0.000000 0.000000 0.000000
320 0.000000 0.000000 0.000000
322 0.000000 0.000000 0.000000
324 0.000000 0.000000 0.000000
326 0.000000 0.000000 0.000000
328 0.000000 0.000000 0.000000
330 0.000000 0.000000 0.000000
332 0.000000 0.000000 0.000000
334 0.000000 0.000000 0.000000
336 0.000000 0.000000 0.000000
338 0.000000 0.000000 0.000000
20 0.000000 0.000000 0.000000
22 0.000000 0.000000 0.000000
24 0.000000 0.000000 0.000000
26 0.961538 0.961538 0.961538
28 0.000000 0.000000 0.000000
30 0.000000 0.000000 0.000000
32 0.937500 0.937500 0.937500
34 0.000000 0.000000 0.000000
36 0.000000 0.000000 0.000000
38 0.868421 0.868421 0.868421
40 0.000000 0.000000 0.000000
42 0.000000 0.000000 0.000000
44 0.000000 0.000000 0.000000
46 0.000000 0.000000 0.000000
48 0.770833 0.708333 0.520833
50 0.000000 0.000000 0.000000
52 0.000000 0.000000 0.000000
54 0.000000 0.000000 0.000000
56 0.000000 0.000000 0.000000
58 0.896552 0.896552 0.120690
60 0.000000 0.000000 0.000000
62 0.000000 0.000000 0.000000
64 0.000000 0.000000 0.000000
66 0.000000 0.000000 0.000000
68 0.000000 0.000000 0.000000
70 0.028571 0.014286 0.000000
72 0.000000 0.000000 0.000000
74 0.000000 0.000000 0.000000
76 0.171053 0.052632 0.000000
78 0.000000 0.000000 0.000000
80 0.000000 0.000000 0.000000
82 0.000000 0.000000 0.000000
84 0.000000 0.000000 0.000000
86 0.000000 0.000000 0.000000
88 0.000000 0.000000 0.000000
90 0.000000 0.000000 0.000000
92 0.000000 0.000000 0.000000
94 0.000000 0.000000 0.000000
96 0.000000 0.000000 0.000000
98 0.000000 0.000000 0.000000
100 0.000000 0.000000 0.000000
102 0.000000 0.000000 0.000000
104 0.000000 0.000000 0.000000
106 0.000000 0.000000 0.000000
108 0.000000 0.000000 0.000000
110 0.000000 0.000000 0.000000
112 0.000000 0.000000 0.000000
114 0.000000 0.000000 0.000000
116 0.000000 0.000000 0.000000
118 0.000000 0.000000 0.000000
120 0.000000 0.000000 0.000000
122 0.000000 0.000000 0.000000
124 0.000000 0.000000 0.000000
126 0.000000 0.000000 0.000000
128 0.000000 0.000000 0.000000
130 0.000000 0.000000 0.000000
132 0.000000 0.000000 0.000000
134 0.000000 0.000000 0.000000
136 0.000000 0.000000 0.000000
138 0.000000 0.000000 0.000000
140 0.000000 0.000000 0.000000
142 0.000000 0.000000 0.000000
144 0.000000 0.000000 0.000000
146 0.000000 0.000000 0.000000
148 0.000000 0.000000 0.000000
150 0.000000 0.000000 0.000000
152 0.000000 0.000000 0.000000
154 0.000000 0.000000 0.000000
156 0.000000 0.000000 0.000000
158 0.000000 0.000000 0.000000
160 0.000000 0.000000 0.000000
162 0.000000 0.000000 0.000000
164 0.000000 0.000000 0.000000
166 0.000000 0.000000 0.000000
168 0.000000 0.000000 0.000000
170 0.000000 0.000000 0.000000
172 0.000000 0.000000 0.000000
174 0.000000 0.000000 0.000000
176 0.000000 0.000000 0.000000
178 0.000000 0.000000 0.000000
180 0.000000 0.000000 0.000000
182 0.000000 0.000000 0.000000
184 0.000000 0.000000 0.000000
186 0.000000 0.000000 0.000000
188 0.000000 0.000000 0.000000
190 0.000000 0.000000 0.000000
192 0.000000 0.000000 0.000000
194 0.000000 0.000000 0.000000
196 0.000000 0.000000 0.000000
198 0.000000 0.000000 0.000000
200 0.000000 0.000000 0.000000
202 0.000000 0.000000 0.000000
204 0.000000 0.000000 0.000000
206 0.000000 0.000000 0.000000
208 0.000000 0.000000 0.000000
210 0.000000 0.000000 0.000000
212 0.000000 0.000000 0.000000
214 0.000000 0.000000 0.000000
216 0.000000 0.000000 0.000000
218 0.000000 0.000000 0.000000
220 0.000000 0.000000 0.000000
222 0.000000 0.000000 0.000000
224 0.000000 0.000000 0.000000
226 0.000000 0.000000 0.000000
228 0.000000 0.000000 0.000000
230 0.000000 0.000000 0.000000
232 0.000000 0.000000 0.000000
234 0.000000 0.000000 0.000000
236 0.000000 0.000000 0.000000
238 0.000000 0.000000 0.000000
240 0.000000 0.000000 0.000000
242 0.000000 0.000000 0.000000
244 0.000000 0.000000 0.000000
246 0.000000 0.000000 0.000000
248 0.000000 0.000000 0.000000
250 0.000000 0.000000 0.000000
252 0.000000 0.000000 0.000000
254 0.000000 0.000000 0.000000
256 0.000000 0.000000 0.000000
258 0.000000 0.000000 0.000000
260 0.000000 0.000000 0.000000
262 0.000000 0.000000 0.000000
264 0.000000 0.000000 0.000000
266 0.000000 0.000000 0.000000
268 0.000000 0.000000 0.000000
270 0.000000 0.000000 0.000000
272 0.000000 0.000000 0.000000
274 0.000000 0.000000 0.000000
276 0.000000 0.000000 0.000000
278 0.000000 0.000000 0.000000
280 0.000000 0.000000 0.000000
282 0.000000 0.000000 0.000000
284 0.000000 0.000000 0.000000
286 0.000000 0.000000 0.000000
288 0.000000 0.000000 0.000000
290 0.000000 0.000000 0.000000
292 0.000000 0.000000 0.000000
294 0.000000 0.000000 0.000000
296 0.000000 0.000000 0.000000
298 0.000000 0.000000 0.000000
300 0.000000 0.000000 0.000000
302 0.000000 0.000000 0.000000
304 0.000000 0.000000 0.000000
306 0.000000 0.000000 0.000000
308 0.000000 0.000000 0.000000
310 0.000000 0.000000 0.000000
312 0.000000 0.000000 0.000000
314 0.000000 0.000000 0.000000
316 0.000000 0.000000 0.000000
318 0.000000 0.000000 0.000000
320 0.000000 0.000000 0.000000
322 0.000000 0.000000 0.000000
324 0.000000 0.000000 0.000000
326 0.000000 0.000000 0.000000
328 0.000000 0.000000 0.000000
330 0.000000 0.000000 0.000000
332 0.000000 0.000000 0.000000
334 0.000000 0.000000 0.000000
336 0.000000 0.000000 0.000000
338 0.000000 0.000000 0.000000
20 0.000000 0.000000 0.000000
22 0.000000 0.000000 0.000000
24 0.000000 0.000000 0.000000
26 0.000000 0.000000 0.000000
28 0.000000 0.000000 0.000000
30 0.000000 0.000000 0.000000
32 0.000000 0.000000 0.000000
34 0.000000 0.000000 0.000000
36 0.000000 0.000000 0.000000
38 0.868421 0.815789 0.605263
40 0.000000 0.000000 0.000000
42 0.000000 0.000000 0.000000
44 0.000000 0.000000 0.000000
46 0.000000 0.000000 0.000000
48 0.000000 0.000000 0.000000
50 0.000000 0.000000 0.000000
52 0.000000 0.000000 0.000000
54 0.000000 0.000000 0.000000
56 0.803571 0.589286 0.000000
58 0.000000 0.000000 0.000000
60 0.000000 0.000000 0.000000
62 0.000000 0.000000 0.000000
64 0.000000 0.000000 0.000000
66 0.000000 0.000000 0.000000
68 0.000000 0.000000 0.000000
70 0.000000 0.000000 0.000000
72 0.208333 0.027778 0.000000
74 0.067568 0.000000 0.000000
76 0.000000 0.000000 0.000000
78 0.000000 0.000000 0.000000
80 0.000000 0.000000 0.000000
82 0.000000 0.000000 0.000000
84 0.000000 0.000000 0.000000
86 0.000000 0.000000 0.000000
88 0.000000 0.000000 0.000000
90 0.000000 0.000000 0.000000
92 0.000000 0.000000 0.000000
94 0.000000 0.000000 0.000000
96 0.000000 0.000000 0.000000
98 0.000000 0.000000 0.000000
100 0.000000 0.000000 0.000000
102 0.000000 0.000000 0.000000
104 0.000000 0.000000 0.000000
106 0.000000 0.000000 0.000000
108 0.000000 0.000000 0.000000
110 0.000000 0.000000 0.000000
112 0.000000 0.000000 0.000000
114 0.000000 0.000000 0.000000
116 0.000000 0.000000 0.000000
118 0.000000 0.000000 0.000000
120 0.000000 0.000000 0.000000
122 0.000000 0.000000 0.000000
124 0.000000 0.000000 0.000000
126 0.000000 0.000000 0.000000
128 0.000000 0.000000 0.000000
130 0.000000 0.000000 0.000000
132 0.000000 0.000000 0.000000
134 0.000000 0.000000 0.000000
136 0.000000 0.000000 0.000000
138 0.000000 0.000000 0.000000
140 0.000000 0.000000 0.000000
142 0.000000 0.000000 0.000000
144 0.000000 0.000000 0.000000
146 0.000000 0.000000 0.000000
148 0.000000 0.000000 0.000000
150 0.000000 0.000000 0.000000
152 0.000000 0.000000 0.000000
154 0.000000 0.000000 0.000000
156 0.000000 0.000000 0.000000
158 0.000000 0.000000 0.000000
160 0.000000 0.000000 0.000000
162 0.000000 0.000000 0.000000
164 0.000000 0.000000 0.000000
166 0.000000 0.000000 0.000000
168 0.000000 0.000000 0.000000
170 0.000000 0.000000 0.000000
172 0.000000 0.000000 0.000000
174 0.000000 0.000000 0.000000
176 0.000000 0.000000 0.000000
178 0.000000 0.000000 0.000000
180 0.000000 0.000000 0.000000
182 0.000000 0.000000 0.000000
184 0.000000 0.000000 0.000000
186 0.000000 0.000000 0.000000
188 0.000000 0.000000 0.000000
190 0.000000 0.000000 0.000000
192 0.000000 0.000000 0.000000
194 0.000000 0.000000 0.000000
196 0.000000 0.000000 0.000000
198 0.000000 0.000000 0.000000
200 0.000000 0.000000 0.000000
202 0.000000 0.000000 0.000000
204 0.000000 0.000000 0.000000
206 0.000000 0.000000 0.000000
208 0.000000 0.000000 0.000000
210 0.000000 0.000000 0.000000
212 0.000000 0.000000 0.000000
214 0.000000 0.000000 0.000000
216 0.000000 0.000000 0.000000
218 0.000000 0.000000 0.000000
220 0.000000 0.000000 0.000000
222 0.000000 0.000000 0.000000
224 0.000000 0.000000 0.000000
226 0.000000 0.000000 0.000000
228 0.000000 0.000000 0.000000
230 0.000000 0.000000 0.000000
232 0.000000 0.000000 0.000000
234 0.000000 0.000000 0.000000
236 0.000000 0.000000 0.000000
238 0.000000 0.000000 0.000000
240 0.000000 0.000000 0.000000
242 0.000000 0.000000 0.000000
244 0.000000 0.000000 0.000000
246 0.000000 0.000000 0.000000
248 0.000000 0.000000 0.000000
250 0.000000 0.000000 0.000000
252 0.000000 0.000000 0.000000
254 0.000000 0.000000 0.000000
256 0.000000 0.000000 0.000000
258 0.000000 0.000000 0.000000
260 0.000000 0.000000 0.000000
262 0.000000 0.000000 0.000000
264 0.000000 0.000000 0.000000
266 0.000000 0.000000 0.000000
268 0.000000 0.000000 0.000000
270 0.000000 0.000000 0.000000
272 0.000000 0.000000 0.000000
274 0.000000 0.000000 0.000000
276 0.000000 0.000000 0.000000
278 0.000000 0.000000 0.000000
280 0.000000 0.000000 0.000000
282 0.000000 0.000000 0.000000
284 0.000000 0.000000 0.000000
286 0.000000 0.000000 0.000000
288 0.000000 0.000000 0.000000
290 0.000000 0.000000 0.000000
292 0.000000 0.000000 0.000000
294 0.000000 0.000000 0.000000
296 0.000000 0.000000 0.000000
298 0.000000 0.000000 0.000000
300 0.000000 0.000000 0.000000
302 0.000000 0.000000 0.000000
304 0.000000 0.000000 0.000000
306 0.000000 0.000000 0.000000
308 0.000000 0.000000 0.000000
310 0.000000 0.000000 0.000000
312 0.000000 0.000000 0.000000
314 0.000000 0.000000 0.000000
316 0.000000 0.000000 0.000000
318 0.000000 0.000000 0.000000
320 0.000000 0.000000 0.000000
322 0.000000 0.000000 0.000000
324 0.000000 0.000000 0.000000
326 0.000000 0.000000 0.000000
328 0.000000 0.000000 0.000000
330 0.000000 0.000000 0.000000
332 0.000000 0.000000 0.000000
334 0.000000 0.000000 0.000000
336 0.000000 0.000000 0.000000
338 0.000000 0.000000 0.000000
20 0.000000 0.000000 0.000000
22 0.000000 0.000000 0.000000
24 0.000000 0.000000 0.000000
26 0.000000 0.000000 0.000000
28 0.000000 0.000000 0.000000
30 0.000000 0.000000 0.000000
32 0.000000 0.000000 0.000000
34 0.000000 0.000000 0.000000
36 0.138889 0.111111 0.027778
38 0.000000 0.000000 0.000000
40 0.000000 0.000000 0.000000
42 0.000000 0.000000 0.000000
44 0.000000 0.000000 0.000000
46 0.891304 0.847826 0.434783
48 0.000000 0.000000 0.000000
50 0.000000 0.000000 0.000000
52 0.000000 0.000000 0.000000
54 0.000000 0.000000 0.000000
56 0.000000 0.000000 0.000000
58 0.000000 0.000000 0.000000
60 0.000000 0.000000 0.000000
62 0.000000 0.000000 0.000000
64 0.000000 0.000000 0.000000
66 0.000000 0.000000 0.000000
68 0.000000 0.000000 0.000000
70 0.000000 0.000000 0.000000
72 0.000000 0.000000 0.000000
74 0.000000 0.000000 0.000000
76 0.000000 0.000000 0.000000
78 0.000000 0.000000 0.000000
80 0.000000 0.000000 0.000000
82 0.000000 0.000000 0.000000
84 0.000000 0.000000 0.000000
86 0.000000 0.000000 0.000000
88 0.000000 0.000000 0.000000
90 0.000000 0.000000 0.000000
92 0.000000 0.000000 0.000000
94 0.000000 0.000000 0.000000
96 0.000000 0.000000 0.000000
98 0.000000 0.000000 0.000000
100 0.000000 0.000000 0.000000
102 0.000000 0.000000 0.000000
104 0.000000 0.000000 0.000000
106 0.000000 0.000000 0.000000
108 0.000000 0.000000 0.000000
110 0.000000 0.000000 0.000000
112 0.000000 0.000000 0.000000
114 0.000000 0.000000 0.000000
116 0.000000 0.000000 0.000000
118 0.000000 0.000000 0.000000
120 0.000000 0.000000 0.000000
122 0.000000 0.000000 0.000000
124 0.000000 0.000000 0.000000
126 0.000000 0.000000 0.000000
128 0.000000 0.000000 0.000000
130 0.000000 0.000000 0.000000
132 0.000000 0.000000 0.000000
134 0.000000 0.000000 0.000000
136 0.000000 0.000000 0.000000
138 0.000000 0.000000 0.000000
140 0.000000 0.000000 0.000000
142 0.000000 0.000000 0.000000
144 0.000000 0.000000 0.000000
146 0.000000 0.000000 0.000000
148 0.000000 0.000000 0.000000
150 0.000000 0.000000 0.000000
152 0.000000 0.000000 0.000000
154 0.000000 0.000000 0.000000
156 0.000000 0.000000 0.000000
158 0.000000 0.000000 0.000000
160 0.000000 0.000000 0.000000
162 0.000000 0.000000 0.000000
164 0.000000 0.000000 0.000000
166 0.000000 0.000000 0.000000
168 0.000000 0.000000 0.000000
170 0.000000 0.000000 0.000000
172 0.000000 0.000000 0.000000
174 0.000000 0.000000 0.000000
176 0.000000 0.000000 0.000000
178 0.000000 0.000000 0.000000
180 0.000000 0.000000 0.000000
182 0.000000 0.000000 0.000000
184 0.000000 0.000000 0.000000
186 0.000000 0.000000 0.000000
188 0.000000 0.000000 0.000000
190 0.000000 0.000000 0.000000
192 0.000000 0.000000 0.000000
194 0.000000 0.000000 0.000000
196 0.000000 0.000000 0.000000
198 0.000000 0.000000 0.000000
200 0.000000 0.000000 0.000000
202 0.000000 0.000000 0.000000
204 0.000000 0.000000 0.000000
206 0.000000 0.000000 0.000000
208 0.000000 0.000000 0.000000
210 0.000000 0.000000 0.000000
212 0.000000 0.000000 0.000000
214 0.000000 0.000000 0.000000
216 0.000000 0.000000 0.000000
218 0.000000 0.000000 0.000000
220 0.000000 0.000000 0.000000
222 0.000000 0.000000 0.000000
224 0.000000 0.000000 0.000000
226 0.000000 0.000000 0.000000
228 0.000000 0.000000 0.000000
230 0.000000 0.000000 0.000000
232 0.000000 0.000000 0.000000
234 0.000000 0.000000 0.000000
236 0.000000 0.000000 0.000000
238 0.000000 0.000000 0.000000
240 0.000000 0.000000 0.000000
242 0.000000 0.000000 0.000000
244 0.000000 0.000000 0.000000
246 0.000000 0.000000 0.000000
248 0.000000 0.000000 0.000000
250 0.000000 0.000000 0.000000
252 0.000000 0.000000 0.000000
254 0.000000 0.000000 0.000000
256 0.000000 0.000000 0.000000
258 0.000000 0.000000 0.000000
260 0.000000 0.000000 0.000000
262 0.000000 0.000000 0.000000
264 0.000000 0.000000 0.000000
266 0.000000 0.000000 0.000000
268 0.000000 0.000000 0.000000
270 0.000000 0.000000 0.000000
272 0.000000 0.000000 0.000000
274 0.000000 0.000000 0.000000
276 0.000000 0.000000 0.000000
278 0.000000 0.000000 0.000000
280 0.000000 0.000000 0.000000
282 0.000000 0.000000 0.000000
284 0.000000 0.000000 0.000000
286 0.000000 0.000000 0.000000
288 0.000000 0.000000 0.000000
290 0.000000 0.000000 0.000000
292 0.000000 0.000000 0.000000
294 0.000000 0.000000 0.000000
296 0.000000 0.000000 0.000000
298 0.000000 0.000000 0.000000
300 0.000000 0.000000 0.000000
302 0.000000 0.000000 0.000000
304 0.000000 0.000000 0.000000
306 0.000000 0.000000 0.000000
308 0.000000 0.000000 0.000000
310 0.000000 0.000000 0.000000
312 0.000000 0.000000 0.000000
314 0.000000 0.000000 0.000000
316 0.000000 0.000000 0.000000
318 0.000000 0.000000 0.000000
320 0.000000 0.000000 0.000000
322 0.000000 0.000000 0.000000
324 0.000000 0.000000 0.000000
326 0.000000 0.000000 0.000000
328 0.000000 0.000000 0.000000
330 0.000000 0.000000 0.000000
332 0.000000 0.000000 0.000000
334 0.000000 0.000000 0.000000
336 0.000000 0.000000 0.000000
338 0.000000 0.000000 0.000000
20 0.000000 0.000000 0.000000
22 0.000000 0.000000 0.000000
24 0.000000 0.000000 0.000000
26 0.000000 0.000000 0.000000
28 0.000000 0.000000 0.000000
30 0.000000 0.000000 0.000000
32 0.000000 0.000000 0.000000
34 0.000000 0.000000 0.000000
36 0.000000 0.000000 0.000000
38 0.000000 0.000000 0.000000
40 0.000000 0.000000 0.000000
42 0.000000 0.000000 0.000000
44 0.000000 0.000000 0.000000
46 0.000000 0.000000 0.000000
48 0.000000 0.000000 0.000000
50 0.000000 0.000000 0.000000
52 0.000000 0.000000 0.000000
54 0.000000 0.000000 0.000000
56 0.000000 0.000000 0.000000
58 0.000000 0.000000 0.000000
60 0.000000 0.000000 0.000000
62 0.000000 0.000000 0.000000
64 0.000000 0.000000 0.000000
66 0.000000 0.000000 0.000000
68 0.000000 0.000000 0.000000
70 0.000000 0.000000 0.000000
72 0.000000 0.000000 0.000000
74 0.000000 0.000000 0.000000
76 0.000000 0.000000 0.000000
78 0.000000 0.000000 0.000000
80 0.000000 0.000000 0.000000
82 0.000000 0.000000 0.000000
84 0.000000 0.000000 0.000000
86 0.000000 0.000000 0.000000
88 0.000000 0.000000 0.000000
90 0.000000 0.000000 0.000000
92 0.000000 0.000000 0.000000
94 0.000000 0.000000 0.000000
96 0.000000 0.000000 0.000000
98 0.000000 0.000000 0.000000
100 0.000000 0.000000 0.000000
102 0.000000 0.000000 0.000000
104 0.000000 0.000000 0.000000
106 0.000000 0.000000 0.000000
108 0.000000 0.000000 0.000000
110 0.000000 0.000000 0.000000
112 0.000000 0.000000 0.000000
114 0.000000 0.000000 0.000000
116 0.000000 0.000000 0.000000
118 0.000000 0.000000 0.000000
120 0.000000 0.000000 0.000000
122 0.000000 0.000000 0.000000
124 0.000000 0.000000 0.000000
126 0.000000 0.000000 0.000000
128 0.000000 0.000000 0.000000
130 0.000000 0.000000 0.000000
132 0.000000 0.000000 0.000000
134 0.000000 0.000000 0.000000
136 0.000000 0.000000 0.000000
138 0.000000 0.000000 0.000000
140 0.000000 0.000000 0.000000
142 0.000000 0.000000 0.000000
144 0.000000 0.000000 0.000000
146 0.000000 0.000000 0.000000
148 0.000000 0.000000 0.000000
150 0.000000 0.000000 0.000000
152 0.000000 0.000000 0.000000
154 0.000000 0.000000 0.000000
156 0.000000 0.000000 0.000000
158 0.000000 0.000000 0.000000
160 0.000000 0.000000 0.000000
162 0.000000 0.000000 0.000000
164 0.000000 0.000000 0.000000
166 0.000000 0.000000 0.000000
168 0.000000 0.000000 0.000000
170 0.000000 0.000000 0.000000
172 0.000000 0.000000 0.000000
174 0.000000 0.000000 0.000000
176 0.000000 0.000000 0.000000
178 0.000000 0.000000 0.000000
180 0.000000 0.000000 0.000000
182 0.000000 0.000000 0.000000
184 0.000000 0.000000 0.000000
186 0.000000 0.000000 0.000000
188 0.000000 0.000000 0.000000
190 0.000000 0.000000 0.000000
192 0.000000 0.000000 0.000000
194 0.000000 0.000000 0.000000
196 0.000000 0.000000 0.000000
198 0.000000 0.000000 0.000000
200 0.000000 0.000000 0.000000
202 0.000000 0.000000 0.000000
204 0.000000 0.000000 0.000000
206 0.000000 0.000000 0.000000
208 0.000000 0.000000 0.000000
210 0.000000 0.000000 0.000000
212 0.000000 0.000000 0.000000
214 0.000000 0.000000 0.000000
216 0.000000 0.000000 0.000000
218 0.000000 0.000000 0.000000
220 0.000000 0.000000 0.000000
222 0.000000 0.000000 0.000000
224 0.000000 0.000000 0.000000
226 0.000000 0.000000 0.000000
228 0.000000 0.000000 0.000000
230 0.000000 0.000000 0.000000
232 0.000000 0.000000 0.000000
234 0.000000 0.000000 0.000000
236 0.000000 0.000000 0.000000
238 0.000000 0.000000 0.000000
240 0.000000 0.000000 0.000000
242 0.000000 0.000000 0.000000
244 0.000000 0.000000 0.000000
246 0.000000 0.000000 0.000000
248 0.000000 0.000000 0.000000
250 0.000000 0.000000 0.000000
252 0.000000 0.000000 0.000000
254 0.000000 0.000000 0.000000
256 0.000000 0.000000 0.000000
258 0.000000 0.000000 0.000000
260 0.000000 0.000000 0.000000
262 0.000000 0.000000 0.000000
264 0.000000 0.000000 0.000000
266 0.000000 0.000000 0.000000
268 0.000000 0.000000 0.000000
270 0.000000 0.000000 0.000000
272 0.000000 0.000000 0.000000
274 0.000000 0.000000 0.000000
276 0.000000 0.000000 0.000000
278 0.000000 0.000000 0.000000
280 0.000000 0.000000 0.000000
282 0.000000 0.000000 0.000000
284 0.000000 0.000000 0.000000
286 0.000000 0.000000 0.000000
288 0.000000 0.000000 0.000000
290 0.000000 0.000000 0.000000
292 0.000000 0.000000 0.000000
294 0.000000 0.000000 0.000000
296 0.000000 0.000000 0.000000
298 0.000000 0.000000 0.000000
300 0.000000 0.000000 0.000000
302 0.000000 0.000000 0.000000
304 0.000000 0.000000 0.000000
306 0.000000 0.000000 0.000000
308 0.000000 0.000000 0.000000
310 0.000000 0.000000 0.000000
312 0.000000 0.000000 0.000000
314 0.000000 0.000000 0.000000
316 0.000000 0.000000 0.000000
318 0.000000 0.000000 0.000000
320 0.000000 0.000000 0.000000
322 0.000000 0.000000 0.000000
324 0.000000 0.000000 0.000000
326 0.000000 0.000000 0.000000
328 0.000000 0.000000 0.000000
330 0.000000 0.000000 0.000000
332 0.000000 0.000000 0.000000
334 0.000000 0.000000 0.000000
336 0.000000 0.000000 0.000000
338 0.000000 0.000000 0.000000
