0.01	0.020414894894894897	7.9		8.2
0.03	0.021614774774774772	7.5		
0.05	0.02258246246246246		7.1		
0.10	0.02459875875875876		6.4			
0.15	0.0267962962962963	 	6.	
0.20	0.029098738738738743	5.5			
0.40	0.038421561561561575	4.2		
0.60	0.049412932932932946	3.3	
0.80	0.06201803803803803		2.7		
1.00	0.07660036036036036		1.1								

0.01	0.061007514180847516	3.3			4.3			3.9		3.55	3.25				
0.03	0.06276082082082081		2.3			3.04		3		3		3	
0.05	0.06445261261261262		1.9			2.4			2.45	2.45	2.45
0.10	0.06820314981648316		1.5			1.5			1.5		1.5		1.5
0.15	0.07192895562228896		1.3			1			1		1		1
0.20	0.07598048048048046		1.1			0.8			0.8		0.8		0.8
0.40	0.0922406272939606		0.8			0.25		0.25	0.25	0.25
0.60	0.11064105438772104		0.6			0.15		0.15	0.15	0.15
0.80	0.12922321654988325		0.5			0.05		0.05	0.05	0.05
1.00	0.14792818151484824		0			0.05		0.05	0.05	0.05
