20 1.000000 1.000000 1.000000
22 1.000000 1.000000 1.000000
24 1.000000 1.000000 1.000000
26 1.000000 1.000000 1.000000
28 1.000000 1.000000 1.000000
30 1.000000 1.000000 1.000000
32 1.000000 1.000000 1.000000
34 1.000000 1.000000 1.000000
36 0.972222 0.972222 0.972222
38 0.973684 0.973684 0.973684
40 1.000000 1.000000 1.000000
42 1.000000 1.000000 1.000000
44 1.000000 1.000000 1.000000
46 1.000000 1.000000 1.000000
48 1.000000 1.000000 1.000000
50 1.000000 1.000000 1.000000
52 0.980769 0.980769 0.980769
54 1.000000 1.000000 1.000000
56 0.982143 0.982143 0.982143
58 1.000000 1.000000 1.000000
60 1.000000 1.000000 1.000000
62 1.000000 1.000000 1.000000
64 1.000000 1.000000 1.000000
66 1.000000 1.000000 1.000000
68 1.000000 1.000000 1.000000
70 1.000000 1.000000 1.000000
72 1.000000 1.000000 1.000000
74 1.000000 1.000000 1.000000
76 1.000000 1.000000 1.000000
78 1.000000 1.000000 1.000000
80 1.000000 1.000000 1.000000
82 1.000000 1.000000 1.000000
84 1.000000 1.000000 1.000000
86 1.000000 1.000000 1.000000
88 1.000000 1.000000 1.000000
90 1.000000 1.000000 1.000000
92 1.000000 1.000000 1.000000
94 1.000000 1.000000 1.000000
96 1.000000 1.000000 1.000000
98 1.000000 1.000000 1.000000
100 1.000000 1.000000 0.990000
102 1.000000 1.000000 1.000000
104 1.000000 1.000000 1.000000
106 1.000000 1.000000 1.000000
108 1.000000 1.000000 0.990000
110 1.000000 1.000000 1.000000
112 1.000000 1.000000 1.000000
114 1.000000 1.000000 1.000000
116 1.000000 1.000000 0.990000
118 1.000000 1.000000 1.000000
120 1.000000 1.000000 1.000000
122 1.000000 1.000000 1.000000
124 1.000000 1.000000 1.000000
126 0.990000 0.990000 0.980000
128 1.000000 1.000000 1.000000
130 1.000000 1.000000 1.000000
132 1.000000 1.000000 1.000000
134 1.000000 1.000000 1.000000
136 1.000000 1.000000 1.000000
138 0.990000 0.990000 0.990000
140 1.000000 1.000000 0.990000
142 1.000000 1.000000 1.000000
144 1.000000 1.000000 1.000000
146 1.000000 1.000000 1.000000
148 1.000000 1.000000 0.990000
150 1.000000 1.000000 1.000000
152 1.000000 1.000000 1.000000
154 0.950000 0.950000 0.940000
156 0.990000 0.990000 0.980000
158 1.000000 1.000000 0.950000
160 0.990000 0.990000 0.960000
162 0.970000 0.970000 0.970000
164 0.990000 0.990000 0.980000
166 1.000000 1.000000 0.980000
168 0.960000 0.960000 0.920000
170 1.000000 1.000000 0.970000
172 0.990000 0.990000 0.980000
174 0.990000 0.990000 0.950000
176 1.000000 1.000000 0.930000
178 0.930000 0.930000 0.900000
180 0.790000 0.780000 0.760000
182 0.780000 0.770000 0.770000
184 0.720000 0.690000 0.680000
186 0.710000 0.710000 0.690000
188 0.950000 0.950000 0.920000
190 0.880000 0.880000 0.810000
192 0.820000 0.810000 0.730000
194 0.710000 0.680000 0.620000
196 0.920000 0.910000 0.830000
198 0.890000 0.890000 0.850000
200 0.770000 0.740000 0.690000
202 0.560000 0.550000 0.480000
204 0.560000 0.560000 0.510000
206 0.490000 0.490000 0.430000
208 0.530000 0.500000 0.440000
210 0.600000 0.600000 0.550000
212 0.600000 0.600000 0.540000
214 0.530000 0.510000 0.440000
216 0.660000 0.630000 0.560000
218 0.410000 0.410000 0.370000
220 0.360000 0.360000 0.340000
222 0.360000 0.360000 0.320000
224 0.340000 0.340000 0.310000
226 0.380000 0.360000 0.330000
228 0.510000 0.500000 0.440000
230 0.180000 0.160000 0.150000
232 0.540000 0.530000 0.420000
234 0.330000 0.320000 0.260000
236 0.320000 0.310000 0.260000
238 0.310000 0.300000 0.270000
240 0.180000 0.180000 0.130000
242 0.130000 0.130000 0.130000
244 0.080000 0.080000 0.050000
246 0.090000 0.090000 0.090000
248 0.060000 0.060000 0.050000
250 0.110000 0.110000 0.080000
252 0.030000 0.030000 0.020000
254 0.090000 0.090000 0.090000
256 0.080000 0.080000 0.070000
258 0.070000 0.060000 0.020000
260 0.090000 0.090000 0.090000
262 0.030000 0.030000 0.020000
264 0.070000 0.070000 0.050000
266 0.070000 0.060000 0.040000
268 0.110000 0.110000 0.060000
270 0.040000 0.040000 0.040000
272 0.030000 0.030000 0.030000
274 0.040000 0.040000 0.020000
276 0.000000 0.000000 0.000000
278 0.030000 0.020000 0.020000
280 0.000000 0.000000 0.000000
282 0.000000 0.000000 0.000000
284 0.010000 0.010000 0.010000
286 0.030000 0.030000 0.030000
288 0.020000 0.020000 0.010000
290 0.010000 0.010000 0.010000
292 0.010000 0.010000 0.000000
294 0.000000 0.000000 0.000000
296 0.000000 0.000000 0.000000
298 0.010000 0.010000 0.010000
300 0.000000 0.000000 0.000000
302 0.010000 0.010000 0.010000
304 0.010000 0.010000 0.010000
306 0.010000 0.010000 0.000000
308 0.000000 0.000000 0.000000
310 0.000000 0.000000 0.000000
312 0.000000 0.000000 0.000000
314 0.000000 0.000000 0.000000
316 0.030000 0.030000 0.010000
318 0.000000 0.000000 0.000000
320 0.000000 0.000000 0.000000
322 0.000000 0.000000 0.000000
324 0.000000 0.000000 0.000000
326 0.000000 0.000000 0.000000
328 0.000000 0.000000 0.000000
330 0.000000 0.000000 0.000000
332 0.000000 0.000000 0.000000
334 0.000000 0.000000 0.000000
336 0.000000 0.000000 0.000000
338 0.000000 0.000000 0.000000
20 1.000000 1.000000 1.000000
22 1.000000 1.000000 1.000000
24 1.000000 1.000000 1.000000
26 1.000000 1.000000 1.000000
28 1.000000 1.000000 1.000000
30 0.933333 0.933333 0.933333
32 1.000000 1.000000 1.000000
34 0.970588 0.970588 0.970588
36 1.000000 1.000000 1.000000
38 1.000000 1.000000 1.000000
40 1.000000 1.000000 1.000000
42 1.000000 1.000000 1.000000
44 1.000000 1.000000 1.000000
46 1.000000 1.000000 1.000000
48 1.000000 1.000000 1.000000
50 1.000000 1.000000 1.000000
52 1.000000 1.000000 1.000000
54 1.000000 1.000000 1.000000
56 1.000000 1.000000 1.000000
58 1.000000 1.000000 1.000000
60 1.000000 1.000000 1.000000
62 1.000000 1.000000 1.000000
64 1.000000 1.000000 1.000000
66 1.000000 1.000000 1.000000
68 1.000000 1.000000 1.000000
70 1.000000 1.000000 1.000000
72 1.000000 1.000000 1.000000
74 0.986486 0.986486 0.986486
76 1.000000 1.000000 1.000000
78 1.000000 1.000000 1.000000
80 1.000000 1.000000 1.000000
82 1.000000 1.000000 1.000000
84 1.000000 1.000000 1.000000
86 1.000000 1.000000 1.000000
88 1.000000 1.000000 1.000000
90 1.000000 1.000000 1.000000
92 1.000000 1.000000 1.000000
94 1.000000 1.000000 1.000000
96 1.000000 1.000000 1.000000
98 1.000000 1.000000 1.000000
100 1.000000 1.000000 1.000000
102 1.000000 1.000000 1.000000
104 1.000000 1.000000 1.000000
106 1.000000 1.000000 1.000000
108 1.000000 1.000000 1.000000
110 1.000000 1.000000 1.000000
112 1.000000 1.000000 0.990000
114 1.000000 1.000000 1.000000
116 1.000000 1.000000 0.990000
118 1.000000 1.000000 1.000000
120 0.960000 0.960000 0.910000
122 0.950000 0.950000 0.930000
124 1.000000 1.000000 0.990000
126 0.930000 0.920000 0.920000
128 1.000000 1.000000 0.970000
130 0.970000 0.970000 0.930000
132 0.990000 0.990000 0.970000
134 0.960000 0.940000 0.890000
136 0.950000 0.950000 0.880000
138 0.990000 0.980000 0.890000
140 0.920000 0.920000 0.810000
142 0.570000 0.570000 0.480000
144 0.680000 0.660000 0.550000
146 0.850000 0.840000 0.750000
148 0.850000 0.820000 0.640000
150 0.730000 0.730000 0.650000
152 0.530000 0.520000 0.350000
154 0.640000 0.630000 0.500000
156 0.550000 0.510000 0.390000
158 0.720000 0.700000 0.530000
160 0.230000 0.230000 0.200000
162 0.450000 0.420000 0.270000
164 0.240000 0.230000 0.130000
166 0.370000 0.350000 0.290000
168 0.270000 0.250000 0.180000
170 0.310000 0.300000 0.130000
172 0.280000 0.260000 0.180000
174 0.160000 0.140000 0.070000
176 0.120000 0.120000 0.070000
178 0.200000 0.190000 0.080000
180 0.080000 0.080000 0.040000
182 0.110000 0.110000 0.080000
184 0.060000 0.060000 0.010000
186 0.030000 0.030000 0.010000
188 0.050000 0.050000 0.030000
190 0.040000 0.040000 0.030000
192 0.070000 0.070000 0.040000
194 0.120000 0.100000 0.040000
196 0.120000 0.110000 0.070000
198 0.010000 0.010000 0.000000
200 0.020000 0.020000 0.000000
202 0.000000 0.000000 0.000000
204 0.020000 0.020000 0.010000
206 0.010000 0.010000 0.000000
208 0.010000 0.010000 0.010000
210 0.000000 0.000000 0.000000
212 0.010000 0.010000 0.000000
214 0.000000 0.000000 0.000000
216 0.000000 0.000000 0.000000
218 0.020000 0.020000 0.000000
220 0.000000 0.000000 0.000000
222 0.000000 0.000000 0.000000
224 0.000000 0.000000 0.000000
226 0.000000 0.000000 0.000000
228 0.000000 0.000000 0.000000
230 0.000000 0.000000 0.000000
232 0.000000 0.000000 0.000000
234 0.000000 0.000000 0.000000
236 0.000000 0.000000 0.000000
238 0.000000 0.000000 0.000000
240 0.000000 0.000000 0.000000
242 0.000000 0.000000 0.000000
244 0.000000 0.000000 0.000000
246 0.000000 0.000000 0.000000
248 0.000000 0.000000 0.000000
250 0.000000 0.000000 0.000000
252 0.000000 0.000000 0.000000
254 0.000000 0.000000 0.000000
256 0.000000 0.000000 0.000000
258 0.000000 0.000000 0.000000
260 0.000000 0.000000 0.000000
262 0.000000 0.000000 0.000000
264 0.000000 0.000000 0.000000
266 0.000000 0.000000 0.000000
268 0.000000 0.000000 0.000000
270 0.000000 0.000000 0.000000
272 0.000000 0.000000 0.000000
274 0.000000 0.000000 0.000000
276 0.000000 0.000000 0.000000
278 0.000000 0.000000 0.000000
280 0.000000 0.000000 0.000000
282 0.000000 0.000000 0.000000
284 0.000000 0.000000 0.000000
286 0.000000 0.000000 0.000000
288 0.000000 0.000000 0.000000
290 0.000000 0.000000 0.000000
292 0.000000 0.000000 0.000000
294 0.000000 0.000000 0.000000
296 0.000000 0.000000 0.000000
298 0.000000 0.000000 0.000000
300 0.000000 0.000000 0.000000
302 0.000000 0.000000 0.000000
304 0.000000 0.000000 0.000000
306 0.000000 0.000000 0.000000
308 0.000000 0.000000 0.000000
310 0.000000 0.000000 0.000000
312 0.000000 0.000000 0.000000
314 0.000000 0.000000 0.000000
316 0.000000 0.000000 0.000000
318 0.000000 0.000000 0.000000
320 0.000000 0.000000 0.000000
322 0.000000 0.000000 0.000000
324 0.000000 0.000000 0.000000
326 0.000000 0.000000 0.000000
328 0.000000 0.000000 0.000000
330 0.000000 0.000000 0.000000
332 0.000000 0.000000 0.000000
334 0.000000 0.000000 0.000000
336 0.000000 0.000000 0.000000
338 0.000000 0.000000 0.000000
20 1.000000 1.000000 1.000000
22 1.000000 1.000000 1.000000
24 1.000000 1.000000 1.000000
26 1.000000 1.000000 1.000000
28 1.000000 1.000000 1.000000
30 1.000000 1.000000 1.000000
32 1.000000 1.000000 1.000000
34 0.970588 0.970588 0.970588
36 1.000000 1.000000 1.000000
38 0.973684 0.973684 0.973684
40 1.000000 1.000000 1.000000
42 1.000000 1.000000 1.000000
44 1.000000 1.000000 1.000000
46 1.000000 1.000000 1.000000
48 1.000000 1.000000 1.000000
50 1.000000 1.000000 1.000000
52 1.000000 1.000000 1.000000
54 1.000000 1.000000 1.000000
56 1.000000 1.000000 1.000000
58 1.000000 1.000000 1.000000
60 1.000000 1.000000 1.000000
62 1.000000 1.000000 1.000000
64 1.000000 1.000000 1.000000
66 1.000000 1.000000 1.000000
68 1.000000 1.000000 0.985294
70 1.000000 1.000000 1.000000
72 1.000000 1.000000 0.986111
74 0.986486 0.986486 0.986486
76 1.000000 1.000000 1.000000
78 1.000000 1.000000 1.000000
80 1.000000 1.000000 0.962500
82 0.975610 0.975610 0.902439
84 1.000000 1.000000 0.928571
86 1.000000 1.000000 0.872093
88 1.000000 0.988636 0.852273
90 0.988889 0.988889 0.811111
92 0.934783 0.923913 0.684783
94 0.989362 0.978723 0.819149
96 0.979167 0.958333 0.677083
98 0.959184 0.938776 0.561224
100 0.870000 0.820000 0.450000
102 0.750000 0.740000 0.420000
104 0.770000 0.740000 0.370000
106 0.840000 0.760000 0.370000
108 0.510000 0.480000 0.250000
110 0.830000 0.800000 0.340000
112 0.680000 0.600000 0.230000
114 0.700000 0.590000 0.260000
116 0.750000 0.680000 0.200000
118 0.580000 0.500000 0.150000
120 0.400000 0.340000 0.080000
122 0.190000 0.180000 0.040000
124 0.240000 0.200000 0.060000
126 0.190000 0.150000 0.020000
128 0.170000 0.150000 0.050000
130 0.290000 0.250000 0.060000
132 0.140000 0.110000 0.030000
134 0.200000 0.140000 0.030000
136 0.260000 0.190000 0.040000
138 0.190000 0.150000 0.010000
140 0.060000 0.050000 0.000000
142 0.010000 0.000000 0.000000
144 0.040000 0.020000 0.010000
146 0.040000 0.020000 0.020000
148 0.000000 0.000000 0.000000
150 0.060000 0.050000 0.010000
152 0.070000 0.030000 0.000000
154 0.030000 0.000000 0.000000
156 0.020000 0.020000 0.000000
158 0.030000 0.020000 0.000000
160 0.010000 0.000000 0.000000
162 0.010000 0.000000 0.000000
164 0.010000 0.010000 0.000000
166 0.000000 0.000000 0.000000
168 0.000000 0.000000 0.000000
170 0.010000 0.010000 0.000000
172 0.000000 0.000000 0.000000
174 0.000000 0.000000 0.000000
176 0.000000 0.000000 0.000000
178 0.000000 0.000000 0.000000
180 0.000000 0.000000 0.000000
182 0.000000 0.000000 0.000000
184 0.000000 0.000000 0.000000
186 0.000000 0.000000 0.000000
188 0.000000 0.000000 0.000000
190 0.000000 0.000000 0.000000
192 0.000000 0.000000 0.000000
194 0.000000 0.000000 0.000000
196 0.000000 0.000000 0.000000
198 0.000000 0.000000 0.000000
200 0.000000 0.000000 0.000000
202 0.000000 0.000000 0.000000
204 0.000000 0.000000 0.000000
206 0.000000 0.000000 0.000000
208 0.000000 0.000000 0.000000
210 0.000000 0.000000 0.000000
212 0.000000 0.000000 0.000000
214 0.000000 0.000000 0.000000
216 0.000000 0.000000 0.000000
218 0.000000 0.000000 0.000000
220 0.000000 0.000000 0.000000
222 0.000000 0.000000 0.000000
224 0.000000 0.000000 0.000000
226 0.000000 0.000000 0.000000
228 0.000000 0.000000 0.000000
230 0.000000 0.000000 0.000000
232 0.000000 0.000000 0.000000
234 0.000000 0.000000 0.000000
236 0.000000 0.000000 0.000000
238 0.000000 0.000000 0.000000
240 0.000000 0.000000 0.000000
242 0.000000 0.000000 0.000000
244 0.000000 0.000000 0.000000
246 0.000000 0.000000 0.000000
248 0.000000 0.000000 0.000000
250 0.000000 0.000000 0.000000
252 0.000000 0.000000 0.000000
254 0.000000 0.000000 0.000000
256 0.000000 0.000000 0.000000
258 0.000000 0.000000 0.000000
260 0.000000 0.000000 0.000000
262 0.000000 0.000000 0.000000
264 0.000000 0.000000 0.000000
266 0.000000 0.000000 0.000000
268 0.000000 0.000000 0.000000
270 0.000000 0.000000 0.000000
272 0.000000 0.000000 0.000000
274 0.000000 0.000000 0.000000
276 0.000000 0.000000 0.000000
278 0.000000 0.000000 0.000000
280 0.000000 0.000000 0.000000
282 0.000000 0.000000 0.000000
284 0.000000 0.000000 0.000000
286 0.000000 0.000000 0.000000
288 0.000000 0.000000 0.000000
290 0.000000 0.000000 0.000000
292 0.000000 0.000000 0.000000
294 0.000000 0.000000 0.000000
296 0.000000 0.000000 0.000000
298 0.000000 0.000000 0.000000
300 0.000000 0.000000 0.000000
302 0.000000 0.000000 0.000000
304 0.000000 0.000000 0.000000
306 0.000000 0.000000 0.000000
308 0.000000 0.000000 0.000000
310 0.000000 0.000000 0.000000
312 0.000000 0.000000 0.000000
314 0.000000 0.000000 0.000000
316 0.000000 0.000000 0.000000
318 0.000000 0.000000 0.000000
320 0.000000 0.000000 0.000000
322 0.000000 0.000000 0.000000
324 0.000000 0.000000 0.000000
326 0.000000 0.000000 0.000000
328 0.000000 0.000000 0.000000
330 0.000000 0.000000 0.000000
332 0.000000 0.000000 0.000000
334 0.000000 0.000000 0.000000
336 0.000000 0.000000 0.000000
338 0.000000 0.000000 0.000000
20 1.000000 1.000000 1.000000
22 1.000000 1.000000 1.000000
24 1.000000 1.000000 1.000000
26 1.000000 1.000000 1.000000
28 1.000000 1.000000 1.000000
30 0.966667 0.966667 0.966667
32 1.000000 1.000000 1.000000
34 1.000000 1.000000 1.000000
36 1.000000 1.000000 1.000000
38 1.000000 1.000000 1.000000
40 0.975000 0.975000 0.975000
42 1.000000 1.000000 0.928571
44 1.000000 1.000000 0.931818
46 1.000000 1.000000 0.956522
48 0.979167 0.979167 0.937500
50 0.880000 0.860000 0.800000
52 0.826923 0.826923 0.692308
54 0.981481 0.981481 0.981481
56 0.982143 0.982143 0.982143
58 0.810345 0.793103 0.482759
60 0.583333 0.516667 0.283333
62 0.500000 0.435484 0.258065
64 0.609375 0.531250 0.187500
66 0.424242 0.409091 0.136364
68 0.323529 0.294118 0.088235
70 0.985714 0.985714 0.828571
72 0.986111 0.986111 0.791667
74 0.972973 0.972973 0.729730
76 0.276316 0.157895 0.013158
78 0.243590 0.205128 0.012821
80 0.100000 0.037500 0.012500
82 0.048780 0.036585 0.000000
84 0.023810 0.011905 0.000000
86 0.034884 0.023256 0.000000
88 0.625000 0.602273 0.159091
90 0.044444 0.044444 0.000000
92 0.032609 0.021739 0.000000
94 0.042553 0.010638 0.000000
96 0.010417 0.000000 0.000000
98 0.000000 0.000000 0.000000
100 0.000000 0.000000 0.000000
102 0.000000 0.000000 0.000000
104 0.010000 0.010000 0.000000
106 0.010000 0.010000 0.000000
108 0.000000 0.000000 0.000000
110 0.010000 0.000000 0.000000
112 0.000000 0.000000 0.000000
114 0.000000 0.000000 0.000000
116 0.000000 0.000000 0.000000
118 0.000000 0.000000 0.000000
120 0.000000 0.000000 0.000000
122 0.000000 0.000000 0.000000
124 0.000000 0.000000 0.000000
126 0.000000 0.000000 0.000000
128 0.000000 0.000000 0.000000
130 0.000000 0.000000 0.000000
132 0.000000 0.000000 0.000000
134 0.000000 0.000000 0.000000
136 0.000000 0.000000 0.000000
138 0.000000 0.000000 0.000000
140 0.000000 0.000000 0.000000
142 0.000000 0.000000 0.000000
144 0.000000 0.000000 0.000000
146 0.000000 0.000000 0.000000
148 0.000000 0.000000 0.000000
150 0.000000 0.000000 0.000000
152 0.000000 0.000000 0.000000
154 0.000000 0.000000 0.000000
156 0.000000 0.000000 0.000000
158 0.000000 0.000000 0.000000
160 0.000000 0.000000 0.000000
162 0.000000 0.000000 0.000000
164 0.000000 0.000000 0.000000
166 0.000000 0.000000 0.000000
168 0.000000 0.000000 0.000000
170 0.000000 0.000000 0.000000
172 0.000000 0.000000 0.000000
174 0.000000 0.000000 0.000000
176 0.000000 0.000000 0.000000
178 0.000000 0.000000 0.000000
180 0.000000 0.000000 0.000000
182 0.000000 0.000000 0.000000
184 0.000000 0.000000 0.000000
186 0.000000 0.000000 0.000000
188 0.000000 0.000000 0.000000
190 0.000000 0.000000 0.000000
192 0.000000 0.000000 0.000000
194 0.000000 0.000000 0.000000
196 0.000000 0.000000 0.000000
198 0.000000 0.000000 0.000000
200 0.000000 0.000000 0.000000
202 0.000000 0.000000 0.000000
204 0.000000 0.000000 0.000000
206 0.000000 0.000000 0.000000
208 0.000000 0.000000 0.000000
210 0.000000 0.000000 0.000000
212 0.000000 0.000000 0.000000
214 0.000000 0.000000 0.000000
216 0.000000 0.000000 0.000000
218 0.000000 0.000000 0.000000
220 0.000000 0.000000 0.000000
222 0.000000 0.000000 0.000000
224 0.000000 0.000000 0.000000
226 0.000000 0.000000 0.000000
228 0.000000 0.000000 0.000000
230 0.000000 0.000000 0.000000
232 0.000000 0.000000 0.000000
234 0.000000 0.000000 0.000000
236 0.000000 0.000000 0.000000
238 0.000000 0.000000 0.000000
240 0.000000 0.000000 0.000000
242 0.000000 0.000000 0.000000
244 0.000000 0.000000 0.000000
246 0.000000 0.000000 0.000000
248 0.000000 0.000000 0.000000
250 0.000000 0.000000 0.000000
252 0.000000 0.000000 0.000000
254 0.000000 0.000000 0.000000
256 0.000000 0.000000 0.000000
258 0.000000 0.000000 0.000000
260 0.000000 0.000000 0.000000
262 0.000000 0.000000 0.000000
264 0.000000 0.000000 0.000000
266 0.000000 0.000000 0.000000
268 0.000000 0.000000 0.000000
270 0.000000 0.000000 0.000000
272 0.000000 0.000000 0.000000
274 0.000000 0.000000 0.000000
276 0.000000 0.000000 0.000000
278 0.000000 0.000000 0.000000
280 0.000000 0.000000 0.000000
282 0.000000 0.000000 0.000000
284 0.000000 0.000000 0.000000
286 0.000000 0.000000 0.000000
288 0.000000 0.000000 0.000000
290 0.000000 0.000000 0.000000
292 0.000000 0.000000 0.000000
294 0.000000 0.000000 0.000000
296 0.000000 0.000000 0.000000
298 0.000000 0.000000 0.000000
300 0.000000 0.000000 0.000000
302 0.000000 0.000000 0.000000
304 0.000000 0.000000 0.000000
306 0.000000 0.000000 0.000000
308 0.000000 0.000000 0.000000
310 0.000000 0.000000 0.000000
312 0.000000 0.000000 0.000000
314 0.000000 0.000000 0.000000
316 0.000000 0.000000 0.000000
318 0.000000 0.000000 0.000000
320 0.000000 0.000000 0.000000
322 0.000000 0.000000 0.000000
324 0.000000 0.000000 0.000000
326 0.000000 0.000000 0.000000
328 0.000000 0.000000 0.000000
330 0.000000 0.000000 0.000000
332 0.000000 0.000000 0.000000
334 0.000000 0.000000 0.000000
336 0.000000 0.000000 0.000000
338 0.000000 0.000000 0.000000
20 0.950000 0.950000 0.950000
22 1.000000 1.000000 1.000000
24 0.958333 0.958333 0.958333
26 0.807692 0.807692 0.807692
28 0.642857 0.642857 0.571429
30 0.966667 0.966667 0.966667
32 0.312500 0.312500 0.250000
34 0.058824 0.058824 0.000000
36 0.944444 0.944444 0.944444
38 0.973684 0.973684 0.973684
40 0.000000 0.000000 0.000000
42 0.000000 0.000000 0.000000
44 0.000000 0.000000 0.000000
46 0.000000 0.000000 0.000000
48 0.000000 0.000000 0.000000
50 0.000000 0.000000 0.000000
52 0.000000 0.000000 0.000000
54 0.981481 0.962963 0.796296
56 0.000000 0.000000 0.000000
58 0.000000 0.000000 0.000000
60 0.000000 0.000000 0.000000
62 0.000000 0.000000 0.000000
64 0.000000 0.000000 0.000000
66 0.000000 0.000000 0.000000
68 0.000000 0.000000 0.000000
70 0.000000 0.000000 0.000000
72 0.000000 0.000000 0.000000
74 0.000000 0.000000 0.000000
76 0.000000 0.000000 0.000000
78 0.294872 0.192308 0.000000
80 0.000000 0.000000 0.000000
82 0.000000 0.000000 0.000000
84 0.000000 0.000000 0.000000
86 0.000000 0.000000 0.000000
88 0.000000 0.000000 0.000000
90 0.000000 0.000000 0.000000
92 0.000000 0.000000 0.000000
94 0.000000 0.000000 0.000000
96 0.000000 0.000000 0.000000
98 0.061224 0.061224 0.020408
100 0.000000 0.000000 0.000000
102 0.000000 0.000000 0.000000
104 0.000000 0.000000 0.000000
106 0.000000 0.000000 0.000000
108 0.000000 0.000000 0.000000
110 0.000000 0.000000 0.000000
112 0.000000 0.000000 0.000000
114 0.000000 0.000000 0.000000
116 0.010000 0.000000 0.000000
118 0.000000 0.000000 0.000000
120 0.000000 0.000000 0.000000
122 0.000000 0.000000 0.000000
124 0.000000 0.000000 0.000000
126 0.000000 0.000000 0.000000
128 0.000000 0.000000 0.000000
130 0.000000 0.000000 0.000000
132 0.000000 0.000000 0.000000
134 0.000000 0.000000 0.000000
136 0.000000 0.000000 0.000000
138 0.000000 0.000000 0.000000
140 0.000000 0.000000 0.000000
142 0.000000 0.000000 0.000000
144 0.000000 0.000000 0.000000
146 0.000000 0.000000 0.000000
148 0.000000 0.000000 0.000000
150 0.000000 0.000000 0.000000
152 0.000000 0.000000 0.000000
154 0.000000 0.000000 0.000000
156 0.000000 0.000000 0.000000
158 0.000000 0.000000 0.000000
160 0.000000 0.000000 0.000000
162 0.000000 0.000000 0.000000
164 0.000000 0.000000 0.000000
166 0.000000 0.000000 0.000000
168 0.000000 0.000000 0.000000
170 0.000000 0.000000 0.000000
172 0.000000 0.000000 0.000000
174 0.000000 0.000000 0.000000
176 0.000000 0.000000 0.000000
178 0.000000 0.000000 0.000000
180 0.000000 0.000000 0.000000
182 0.000000 0.000000 0.000000
184 0.000000 0.000000 0.000000
186 0.000000 0.000000 0.000000
188 0.000000 0.000000 0.000000
190 0.000000 0.000000 0.000000
192 0.000000 0.000000 0.000000
194 0.000000 0.000000 0.000000
196 0.000000 0.000000 0.000000
198 0.000000 0.000000 0.000000
200 0.000000 0.000000 0.000000
202 0.000000 0.000000 0.000000
204 0.000000 0.000000 0.000000
206 0.000000 0.000000 0.000000
208 0.000000 0.000000 0.000000
210 0.000000 0.000000 0.000000
212 0.000000 0.000000 0.000000
214 0.000000 0.000000 0.000000
216 0.000000 0.000000 0.000000
218 0.000000 0.000000 0.000000
220 0.000000 0.000000 0.000000
222 0.000000 0.000000 0.000000
224 0.000000 0.000000 0.000000
226 0.000000 0.000000 0.000000
228 0.000000 0.000000 0.000000
230 0.000000 0.000000 0.000000
232 0.000000 0.000000 0.000000
234 0.000000 0.000000 0.000000
236 0.000000 0.000000 0.000000
238 0.000000 0.000000 0.000000
240 0.000000 0.000000 0.000000
242 0.000000 0.000000 0.000000
244 0.000000 0.000000 0.000000
246 0.000000 0.000000 0.000000
248 0.000000 0.000000 0.000000
250 0.000000 0.000000 0.000000
252 0.000000 0.000000 0.000000
254 0.000000 0.000000 0.000000
256 0.000000 0.000000 0.000000
258 0.000000 0.000000 0.000000
260 0.000000 0.000000 0.000000
262 0.000000 0.000000 0.000000
264 0.000000 0.000000 0.000000
266 0.000000 0.000000 0.000000
268 0.000000 0.000000 0.000000
270 0.000000 0.000000 0.000000
272 0.000000 0.000000 0.000000
274 0.000000 0.000000 0.000000
276 0.000000 0.000000 0.000000
278 0.000000 0.000000 0.000000
280 0.000000 0.000000 0.000000
282 0.000000 0.000000 0.000000
284 0.000000 0.000000 0.000000
286 0.000000 0.000000 0.000000
288 0.000000 0.000000 0.000000
290 0.000000 0.000000 0.000000
292 0.000000 0.000000 0.000000
294 0.000000 0.000000 0.000000
296 0.000000 0.000000 0.000000
298 0.000000 0.000000 0.000000
300 0.000000 0.000000 0.000000
302 0.000000 0.000000 0.000000
304 0.000000 0.000000 0.000000
306 0.000000 0.000000 0.000000
308 0.000000 0.000000 0.000000
310 0.000000 0.000000 0.000000
312 0.000000 0.000000 0.000000
314 0.000000 0.000000 0.000000
316 0.000000 0.000000 0.000000
318 0.000000 0.000000 0.000000
320 0.000000 0.000000 0.000000
322 0.000000 0.000000 0.000000
324 0.000000 0.000000 0.000000
326 0.000000 0.000000 0.000000
328 0.000000 0.000000 0.000000
330 0.000000 0.000000 0.000000
332 0.000000 0.000000 0.000000
334 0.000000 0.000000 0.000000
336 0.000000 0.000000 0.000000
338 0.000000 0.000000 0.000000
20 0.000000 0.000000 0.000000
22 0.000000 0.000000 0.000000
24 0.000000 0.000000 0.000000
26 0.000000 0.000000 0.000000
28 0.000000 0.000000 0.000000
30 0.000000 0.000000 0.000000
32 0.000000 0.000000 0.000000
34 0.970588 0.970588 0.970588
36 0.000000 0.000000 0.000000
38 0.973684 0.973684 0.973684
40 0.925000 0.925000 0.800000
42 0.000000 0.000000 0.000000
44 0.000000 0.000000 0.000000
46 0.000000 0.000000 0.000000
48 0.000000 0.000000 0.000000
50 0.000000 0.000000 0.000000
52 0.000000 0.000000 0.000000
54 0.000000 0.000000 0.000000
56 0.000000 0.000000 0.000000
58 0.000000 0.000000 0.000000
60 0.000000 0.000000 0.000000
62 0.000000 0.000000 0.000000
64 0.000000 0.000000 0.000000
66 0.015152 0.015152 0.000000
68 0.000000 0.000000 0.000000
70 0.000000 0.000000 0.000000
72 0.000000 0.000000 0.000000
74 0.000000 0.000000 0.000000
76 0.000000 0.000000 0.000000
78 0.000000 0.000000 0.000000
80 0.000000 0.000000 0.000000
82 0.000000 0.000000 0.000000
84 0.000000 0.000000 0.000000
86 0.000000 0.000000 0.000000
88 0.000000 0.000000 0.000000
90 0.000000 0.000000 0.000000
92 0.000000 0.000000 0.000000
94 0.000000 0.000000 0.000000
96 0.000000 0.000000 0.000000
98 0.000000 0.000000 0.000000
100 0.000000 0.000000 0.000000
102 0.000000 0.000000 0.000000
104 0.000000 0.000000 0.000000
106 0.000000 0.000000 0.000000
108 0.000000 0.000000 0.000000
110 0.000000 0.000000 0.000000
112 0.000000 0.000000 0.000000
114 0.000000 0.000000 0.000000
116 0.000000 0.000000 0.000000
118 0.000000 0.000000 0.000000
120 0.000000 0.000000 0.000000
122 0.000000 0.000000 0.000000
124 0.000000 0.000000 0.000000
126 0.000000 0.000000 0.000000
128 0.000000 0.000000 0.000000
130 0.000000 0.000000 0.000000
132 0.000000 0.000000 0.000000
134 0.000000 0.000000 0.000000
136 0.000000 0.000000 0.000000
138 0.000000 0.000000 0.000000
140 0.000000 0.000000 0.000000
142 0.000000 0.000000 0.000000
144 0.000000 0.000000 0.000000
146 0.000000 0.000000 0.000000
148 0.000000 0.000000 0.000000
150 0.000000 0.000000 0.000000
152 0.000000 0.000000 0.000000
154 0.000000 0.000000 0.000000
156 0.000000 0.000000 0.000000
158 0.000000 0.000000 0.000000
160 0.000000 0.000000 0.000000
162 0.000000 0.000000 0.000000
164 0.000000 0.000000 0.000000
166 0.000000 0.000000 0.000000
168 0.000000 0.000000 0.000000
170 0.000000 0.000000 0.000000
172 0.000000 0.000000 0.000000
174 0.000000 0.000000 0.000000
176 0.000000 0.000000 0.000000
178 0.000000 0.000000 0.000000
180 0.000000 0.000000 0.000000
182 0.000000 0.000000 0.000000
184 0.000000 0.000000 0.000000
186 0.000000 0.000000 0.000000
188 0.000000 0.000000 0.000000
190 0.000000 0.000000 0.000000
192 0.000000 0.000000 0.000000
194 0.000000 0.000000 0.000000
196 0.000000 0.000000 0.000000
198 0.000000 0.000000 0.000000
200 0.000000 0.000000 0.000000
202 0.000000 0.000000 0.000000
204 0.000000 0.000000 0.000000
206 0.000000 0.000000 0.000000
208 0.000000 0.000000 0.000000
210 0.000000 0.000000 0.000000
212 0.000000 0.000000 0.000000
214 0.000000 0.000000 0.000000
216 0.000000 0.000000 0.000000
218 0.000000 0.000000 0.000000
220 0.000000 0.000000 0.000000
222 0.000000 0.000000 0.000000
224 0.000000 0.000000 0.000000
226 0.000000 0.000000 0.000000
228 0.000000 0.000000 0.000000
230 0.000000 0.000000 0.000000
232 0.000000 0.000000 0.000000
234 0.000000 0.000000 0.000000
236 0.000000 0.000000 0.000000
238 0.000000 0.000000 0.000000
240 0.000000 0.000000 0.000000
242 0.000000 0.000000 0.000000
244 0.000000 0.000000 0.000000
246 0.000000 0.000000 0.000000
248 0.000000 0.000000 0.000000
250 0.000000 0.000000 0.000000
252 0.000000 0.000000 0.000000
254 0.000000 0.000000 0.000000
256 0.000000 0.000000 0.000000
258 0.000000 0.000000 0.000000
260 0.000000 0.000000 0.000000
262 0.000000 0.000000 0.000000
264 0.000000 0.000000 0.000000
266 0.000000 0.000000 0.000000
268 0.000000 0.000000 0.000000
270 0.000000 0.000000 0.000000
272 0.000000 0.000000 0.000000
274 0.000000 0.000000 0.000000
276 0.000000 0.000000 0.000000
278 0.000000 0.000000 0.000000
280 0.000000 0.000000 0.000000
282 0.000000 0.000000 0.000000
284 0.000000 0.000000 0.000000
286 0.000000 0.000000 0.000000
288 0.000000 0.000000 0.000000
290 0.000000 0.000000 0.000000
292 0.000000 0.000000 0.000000
294 0.000000 0.000000 0.000000
296 0.000000 0.000000 0.000000
298 0.000000 0.000000 0.000000
300 0.000000 0.000000 0.000000
302 0.000000 0.000000 0.000000
304 0.000000 0.000000 0.000000
306 0.000000 0.000000 0.000000
308 0.000000 0.000000 0.000000
310 0.000000 0.000000 0.000000
312 0.000000 0.000000 0.000000
314 0.000000 0.000000 0.000000
316 0.000000 0.000000 0.000000
318 0.000000 0.000000 0.000000
320 0.000000 0.000000 0.000000
322 0.000000 0.000000 0.000000
324 0.000000 0.000000 0.000000
326 0.000000 0.000000 0.000000
328 0.000000 0.000000 0.000000
330 0.000000 0.000000 0.000000
332 0.000000 0.000000 0.000000
334 0.000000 0.000000 0.000000
336 0.000000 0.000000 0.000000
338 0.000000 0.000000 0.000000
20 0.000000 0.000000 0.000000
22 0.000000 0.000000 0.000000
24 0.000000 0.000000 0.000000
26 0.000000 0.000000 0.000000
28 0.000000 0.000000 0.000000
30 0.000000 0.000000 0.000000
32 0.000000 0.000000 0.000000
34 0.000000 0.000000 0.000000
36 0.972222 0.972222 0.972222
38 0.000000 0.000000 0.000000
40 0.000000 0.000000 0.000000
42 0.000000 0.000000 0.000000
44 0.000000 0.000000 0.000000
46 0.000000 0.000000 0.000000
48 0.416667 0.395833 0.041667
50 0.000000 0.000000 0.000000
52 0.000000 0.000000 0.000000
54 0.000000 0.000000 0.000000
56 0.089286 0.071429 0.000000
58 0.000000 0.000000 0.000000
60 0.000000 0.000000 0.000000
62 0.000000 0.000000 0.000000
64 0.000000 0.000000 0.000000
66 0.000000 0.000000 0.000000
68 0.000000 0.000000 0.000000
70 0.000000 0.000000 0.000000
72 0.000000 0.000000 0.000000
74 0.000000 0.000000 0.000000
76 0.000000 0.000000 0.000000
78 0.000000 0.000000 0.000000
80 0.000000 0.000000 0.000000
82 0.000000 0.000000 0.000000
84 0.000000 0.000000 0.000000
86 0.000000 0.000000 0.000000
88 0.000000 0.000000 0.000000
90 0.000000 0.000000 0.000000
92 0.000000 0.000000 0.000000
94 0.000000 0.000000 0.000000
96 0.000000 0.000000 0.000000
98 0.000000 0.000000 0.000000
100 0.000000 0.000000 0.000000
102 0.000000 0.000000 0.000000
104 0.000000 0.000000 0.000000
106 0.000000 0.000000 0.000000
108 0.000000 0.000000 0.000000
110 0.000000 0.000000 0.000000
112 0.000000 0.000000 0.000000
114 0.000000 0.000000 0.000000
116 0.000000 0.000000 0.000000
118 0.000000 0.000000 0.000000
120 0.000000 0.000000 0.000000
122 0.000000 0.000000 0.000000
124 0.000000 0.000000 0.000000
126 0.000000 0.000000 0.000000
128 0.000000 0.000000 0.000000
130 0.000000 0.000000 0.000000
132 0.000000 0.000000 0.000000
134 0.000000 0.000000 0.000000
136 0.000000 0.000000 0.000000
138 0.000000 0.000000 0.000000
140 0.000000 0.000000 0.000000
142 0.000000 0.000000 0.000000
144 0.000000 0.000000 0.000000
146 0.000000 0.000000 0.000000
148 0.000000 0.000000 0.000000
150 0.000000 0.000000 0.000000
152 0.000000 0.000000 0.000000
154 0.000000 0.000000 0.000000
156 0.000000 0.000000 0.000000
158 0.000000 0.000000 0.000000
160 0.000000 0.000000 0.000000
162 0.000000 0.000000 0.000000
164 0.000000 0.000000 0.000000
166 0.000000 0.000000 0.000000
168 0.000000 0.000000 0.000000
170 0.000000 0.000000 0.000000
172 0.000000 0.000000 0.000000
174 0.000000 0.000000 0.000000
176 0.000000 0.000000 0.000000
178 0.000000 0.000000 0.000000
180 0.000000 0.000000 0.000000
182 0.000000 0.000000 0.000000
184 0.000000 0.000000 0.000000
186 0.000000 0.000000 0.000000
188 0.000000 0.000000 0.000000
190 0.000000 0.000000 0.000000
192 0.000000 0.000000 0.000000
194 0.000000 0.000000 0.000000
196 0.000000 0.000000 0.000000
198 0.000000 0.000000 0.000000
200 0.000000 0.000000 0.000000
202 0.000000 0.000000 0.000000
204 0.000000 0.000000 0.000000
206 0.000000 0.000000 0.000000
208 0.000000 0.000000 0.000000
210 0.000000 0.000000 0.000000
212 0.000000 0.000000 0.000000
214 0.000000 0.000000 0.000000
216 0.000000 0.000000 0.000000
218 0.000000 0.000000 0.000000
220 0.000000 0.000000 0.000000
222 0.000000 0.000000 0.000000
224 0.000000 0.000000 0.000000
226 0.000000 0.000000 0.000000
228 0.000000 0.000000 0.000000
230 0.000000 0.000000 0.000000
232 0.000000 0.000000 0.000000
234 0.000000 0.000000 0.000000
236 0.000000 0.000000 0.000000
238 0.000000 0.000000 0.000000
240 0.000000 0.000000 0.000000
242 0.000000 0.000000 0.000000
244 0.000000 0.000000 0.000000
246 0.000000 0.000000 0.000000
248 0.000000 0.000000 0.000000
250 0.000000 0.000000 0.000000
252 0.000000 0.000000 0.000000
254 0.000000 0.000000 0.000000
256 0.000000 0.000000 0.000000
258 0.000000 0.000000 0.000000
260 0.000000 0.000000 0.000000
262 0.000000 0.000000 0.000000
264 0.000000 0.000000 0.000000
266 0.000000 0.000000 0.000000
268 0.000000 0.000000 0.000000
270 0.000000 0.000000 0.000000
272 0.000000 0.000000 0.000000
274 0.000000 0.000000 0.000000
276 0.000000 0.000000 0.000000
278 0.000000 0.000000 0.000000
280 0.000000 0.000000 0.000000
282 0.000000 0.000000 0.000000
284 0.000000 0.000000 0.000000
286 0.000000 0.000000 0.000000
288 0.000000 0.000000 0.000000
290 0.000000 0.000000 0.000000
292 0.000000 0.000000 0.000000
294 0.000000 0.000000 0.000000
296 0.000000 0.000000 0.000000
298 0.000000 0.000000 0.000000
300 0.000000 0.000000 0.000000
302 0.000000 0.000000 0.000000
304 0.000000 0.000000 0.000000
306 0.000000 0.000000 0.000000
308 0.000000 0.000000 0.000000
310 0.000000 0.000000 0.000000
312 0.000000 0.000000 0.000000
314 0.000000 0.000000 0.000000
316 0.000000 0.000000 0.000000
318 0.000000 0.000000 0.000000
320 0.000000 0.000000 0.000000
322 0.000000 0.000000 0.000000
324 0.000000 0.000000 0.000000
326 0.000000 0.000000 0.000000
328 0.000000 0.000000 0.000000
330 0.000000 0.000000 0.000000
332 0.000000 0.000000 0.000000
334 0.000000 0.000000 0.000000
336 0.000000 0.000000 0.000000
338 0.000000 0.000000 0.000000
20 0.000000 0.000000 0.000000
22 0.000000 0.000000 0.000000
24 0.000000 0.000000 0.000000
26 0.000000 0.000000 0.000000
28 0.000000 0.000000 0.000000
30 0.000000 0.000000 0.000000
32 0.000000 0.000000 0.000000
34 0.970588 0.970588 0.970588
36 0.000000 0.000000 0.000000
38 0.000000 0.000000 0.000000
40 0.000000 0.000000 0.000000
42 0.000000 0.000000 0.000000
44 0.000000 0.000000 0.000000
46 0.000000 0.000000 0.000000
48 0.000000 0.000000 0.000000
50 0.000000 0.000000 0.000000
52 0.000000 0.000000 0.000000
54 0.000000 0.000000 0.000000
56 0.125000 0.017857 0.000000
58 0.000000 0.000000 0.000000
60 0.000000 0.000000 0.000000
62 0.000000 0.000000 0.000000
64 0.000000 0.000000 0.000000
66 0.000000 0.000000 0.000000
68 0.000000 0.000000 0.000000
70 0.000000 0.000000 0.000000
72 0.000000 0.000000 0.000000
74 0.000000 0.000000 0.000000
76 0.000000 0.000000 0.000000
78 0.000000 0.000000 0.000000
80 0.000000 0.000000 0.000000
82 0.000000 0.000000 0.000000
84 0.000000 0.000000 0.000000
86 0.000000 0.000000 0.000000
88 0.000000 0.000000 0.000000
90 0.000000 0.000000 0.000000
92 0.000000 0.000000 0.000000
94 0.000000 0.000000 0.000000
96 0.000000 0.000000 0.000000
98 0.000000 0.000000 0.000000
100 0.000000 0.000000 0.000000
102 0.000000 0.000000 0.000000
104 0.000000 0.000000 0.000000
106 0.000000 0.000000 0.000000
108 0.000000 0.000000 0.000000
110 0.000000 0.000000 0.000000
112 0.000000 0.000000 0.000000
114 0.000000 0.000000 0.000000
116 0.000000 0.000000 0.000000
118 0.000000 0.000000 0.000000
120 0.000000 0.000000 0.000000
122 0.000000 0.000000 0.000000
124 0.000000 0.000000 0.000000
126 0.000000 0.000000 0.000000
128 0.000000 0.000000 0.000000
130 0.000000 0.000000 0.000000
132 0.000000 0.000000 0.000000
134 0.000000 0.000000 0.000000
136 0.000000 0.000000 0.000000
138 0.000000 0.000000 0.000000
140 0.000000 0.000000 0.000000
142 0.000000 0.000000 0.000000
144 0.000000 0.000000 0.000000
146 0.000000 0.000000 0.000000
148 0.000000 0.000000 0.000000
150 0.000000 0.000000 0.000000
152 0.000000 0.000000 0.000000
154 0.000000 0.000000 0.000000
156 0.000000 0.000000 0.000000
158 0.000000 0.000000 0.000000
160 0.000000 0.000000 0.000000
162 0.000000 0.000000 0.000000
164 0.000000 0.000000 0.000000
166 0.000000 0.000000 0.000000
168 0.000000 0.000000 0.000000
170 0.000000 0.000000 0.000000
172 0.000000 0.000000 0.000000
174 0.000000 0.000000 0.000000
176 0.000000 0.000000 0.000000
178 0.000000 0.000000 0.000000
180 0.000000 0.000000 0.000000
182 0.000000 0.000000 0.000000
184 0.000000 0.000000 0.000000
186 0.000000 0.000000 0.000000
188 0.000000 0.000000 0.000000
190 0.000000 0.000000 0.000000
192 0.000000 0.000000 0.000000
194 0.000000 0.000000 0.000000
196 0.000000 0.000000 0.000000
198 0.000000 0.000000 0.000000
200 0.000000 0.000000 0.000000
202 0.000000 0.000000 0.000000
204 0.000000 0.000000 0.000000
206 0.000000 0.000000 0.000000
208 0.000000 0.000000 0.000000
210 0.000000 0.000000 0.000000
212 0.000000 0.000000 0.000000
214 0.000000 0.000000 0.000000
216 0.000000 0.000000 0.000000
218 0.000000 0.000000 0.000000
220 0.000000 0.000000 0.000000
222 0.000000 0.000000 0.000000
224 0.000000 0.000000 0.000000
226 0.000000 0.000000 0.000000
228 0.000000 0.000000 0.000000
230 0.000000 0.000000 0.000000
232 0.000000 0.000000 0.000000
234 0.000000 0.000000 0.000000
236 0.000000 0.000000 0.000000
238 0.000000 0.000000 0.000000
240 0.000000 0.000000 0.000000
242 0.000000 0.000000 0.000000
244 0.000000 0.000000 0.000000
246 0.000000 0.000000 0.000000
248 0.000000 0.000000 0.000000
250 0.000000 0.000000 0.000000
252 0.000000 0.000000 0.000000
254 0.000000 0.000000 0.000000
256 0.000000 0.000000 0.000000
258 0.000000 0.000000 0.000000
260 0.000000 0.000000 0.000000
262 0.000000 0.000000 0.000000
264 0.000000 0.000000 0.000000
266 0.000000 0.000000 0.000000
268 0.000000 0.000000 0.000000
270 0.000000 0.000000 0.000000
272 0.000000 0.000000 0.000000
274 0.000000 0.000000 0.000000
276 0.000000 0.000000 0.000000
278 0.000000 0.000000 0.000000
280 0.000000 0.000000 0.000000
282 0.000000 0.000000 0.000000
284 0.000000 0.000000 0.000000
286 0.000000 0.000000 0.000000
288 0.000000 0.000000 0.000000
290 0.000000 0.000000 0.000000
292 0.000000 0.000000 0.000000
294 0.000000 0.000000 0.000000
296 0.000000 0.000000 0.000000
298 0.000000 0.000000 0.000000
300 0.000000 0.000000 0.000000
302 0.000000 0.000000 0.000000
304 0.000000 0.000000 0.000000
306 0.000000 0.000000 0.000000
308 0.000000 0.000000 0.000000
310 0.000000 0.000000 0.000000
312 0.000000 0.000000 0.000000
314 0.000000 0.000000 0.000000
316 0.000000 0.000000 0.000000
318 0.000000 0.000000 0.000000
320 0.000000 0.000000 0.000000
322 0.000000 0.000000 0.000000
324 0.000000 0.000000 0.000000
326 0.000000 0.000000 0.000000
328 0.000000 0.000000 0.000000
330 0.000000 0.000000 0.000000
332 0.000000 0.000000 0.000000
334 0.000000 0.000000 0.000000
336 0.000000 0.000000 0.000000
338 0.000000 0.000000 0.000000
20 0.000000 0.000000 0.000000
22 0.000000 0.000000 0.000000
24 0.000000 0.000000 0.000000
26 0.000000 0.000000 0.000000
28 0.000000 0.000000 0.000000
30 0.000000 0.000000 0.000000
32 0.968750 0.968750 0.968750
34 0.000000 0.000000 0.000000
36 0.000000 0.000000 0.000000
38 0.000000 0.000000 0.000000
40 0.000000 0.000000 0.000000
42 0.000000 0.000000 0.000000
44 0.000000 0.000000 0.000000
46 0.000000 0.000000 0.000000
48 0.000000 0.000000 0.000000
50 0.000000 0.000000 0.000000
52 0.000000 0.000000 0.000000
54 0.000000 0.000000 0.000000
56 0.000000 0.000000 0.000000
58 0.000000 0.000000 0.000000
60 0.000000 0.000000 0.000000
62 0.000000 0.000000 0.000000
64 0.000000 0.000000 0.000000
66 0.000000 0.000000 0.000000
68 0.000000 0.000000 0.000000
70 0.000000 0.000000 0.000000
72 0.000000 0.000000 0.000000
74 0.000000 0.000000 0.000000
76 0.000000 0.000000 0.000000
78 0.000000 0.000000 0.000000
80 0.000000 0.000000 0.000000
82 0.000000 0.000000 0.000000
84 0.000000 0.000000 0.000000
86 0.000000 0.000000 0.000000
88 0.000000 0.000000 0.000000
90 0.000000 0.000000 0.000000
92 0.000000 0.000000 0.000000
94 0.000000 0.000000 0.000000
96 0.000000 0.000000 0.000000
98 0.000000 0.000000 0.000000
100 0.000000 0.000000 0.000000
102 0.000000 0.000000 0.000000
104 0.000000 0.000000 0.000000
106 0.000000 0.000000 0.000000
108 0.000000 0.000000 0.000000
110 0.000000 0.000000 0.000000
112 0.000000 0.000000 0.000000
114 0.000000 0.000000 0.000000
116 0.000000 0.000000 0.000000
118 0.000000 0.000000 0.000000
120 0.000000 0.000000 0.000000
122 0.000000 0.000000 0.000000
124 0.000000 0.000000 0.000000
126 0.000000 0.000000 0.000000
128 0.000000 0.000000 0.000000
130 0.000000 0.000000 0.000000
132 0.000000 0.000000 0.000000
134 0.000000 0.000000 0.000000
136 0.000000 0.000000 0.000000
138 0.000000 0.000000 0.000000
140 0.000000 0.000000 0.000000
142 0.000000 0.000000 0.000000
144 0.000000 0.000000 0.000000
146 0.000000 0.000000 0.000000
148 0.000000 0.000000 0.000000
150 0.000000 0.000000 0.000000
152 0.000000 0.000000 0.000000
154 0.000000 0.000000 0.000000
156 0.000000 0.000000 0.000000
158 0.000000 0.000000 0.000000
160 0.000000 0.000000 0.000000
162 0.000000 0.000000 0.000000
164 0.000000 0.000000 0.000000
166 0.000000 0.000000 0.000000
168 0.000000 0.000000 0.000000
170 0.000000 0.000000 0.000000
172 0.000000 0.000000 0.000000
174 0.000000 0.000000 0.000000
176 0.000000 0.000000 0.000000
178 0.000000 0.000000 0.000000
180 0.000000 0.000000 0.000000
182 0.000000 0.000000 0.000000
184 0.000000 0.000000 0.000000
186 0.000000 0.000000 0.000000
188 0.000000 0.000000 0.000000
190 0.000000 0.000000 0.000000
192 0.000000 0.000000 0.000000
194 0.000000 0.000000 0.000000
196 0.000000 0.000000 0.000000
198 0.000000 0.000000 0.000000
200 0.000000 0.000000 0.000000
202 0.000000 0.000000 0.000000
204 0.000000 0.000000 0.000000
206 0.000000 0.000000 0.000000
208 0.000000 0.000000 0.000000
210 0.000000 0.000000 0.000000
212 0.000000 0.000000 0.000000
214 0.000000 0.000000 0.000000
216 0.000000 0.000000 0.000000
218 0.000000 0.000000 0.000000
220 0.000000 0.000000 0.000000
222 0.000000 0.000000 0.000000
224 0.000000 0.000000 0.000000
226 0.000000 0.000000 0.000000
228 0.000000 0.000000 0.000000
230 0.000000 0.000000 0.000000
232 0.000000 0.000000 0.000000
234 0.000000 0.000000 0.000000
236 0.000000 0.000000 0.000000
238 0.000000 0.000000 0.000000
240 0.000000 0.000000 0.000000
242 0.000000 0.000000 0.000000
244 0.000000 0.000000 0.000000
246 0.000000 0.000000 0.000000
248 0.000000 0.000000 0.000000
250 0.000000 0.000000 0.000000
252 0.000000 0.000000 0.000000
254 0.000000 0.000000 0.000000
256 0.000000 0.000000 0.000000
258 0.000000 0.000000 0.000000
260 0.000000 0.000000 0.000000
262 0.000000 0.000000 0.000000
264 0.000000 0.000000 0.000000
266 0.000000 0.000000 0.000000
268 0.000000 0.000000 0.000000
270 0.000000 0.000000 0.000000
272 0.000000 0.000000 0.000000
274 0.000000 0.000000 0.000000
276 0.000000 0.000000 0.000000
278 0.000000 0.000000 0.000000
280 0.000000 0.000000 0.000000
282 0.000000 0.000000 0.000000
284 0.000000 0.000000 0.000000
286 0.000000 0.000000 0.000000
288 0.000000 0.000000 0.000000
290 0.000000 0.000000 0.000000
292 0.000000 0.000000 0.000000
294 0.000000 0.000000 0.000000
296 0.000000 0.000000 0.000000
298 0.000000 0.000000 0.000000
300 0.000000 0.000000 0.000000
302 0.000000 0.000000 0.000000
304 0.000000 0.000000 0.000000
306 0.000000 0.000000 0.000000
308 0.000000 0.000000 0.000000
310 0.000000 0.000000 0.000000
312 0.000000 0.000000 0.000000
314 0.000000 0.000000 0.000000
316 0.000000 0.000000 0.000000
318 0.000000 0.000000 0.000000
320 0.000000 0.000000 0.000000
322 0.000000 0.000000 0.000000
324 0.000000 0.000000 0.000000
326 0.000000 0.000000 0.000000
328 0.000000 0.000000 0.000000
330 0.000000 0.000000 0.000000
332 0.000000 0.000000 0.000000
334 0.000000 0.000000 0.000000
336 0.000000 0.000000 0.000000
338 0.000000 0.000000 0.000000
