93143 67356 116323 48444 46567 16416 126 38787 32145 9684 10528 15063 21281 15480 6011 10233 2677 5543 4336 4191 2605 2191 1585 1181 0
72020 123647 5917 11525 43078 39226 0 89080 61318 12680 13186 18079 7445 9038 13145 13549 2965 8550 43398 8711 3959 38370 15058 4582 368
7872 41603 1439 2063 2566 18624 0 22034 2117 2432 4195 8089 1922 1527 1897 1051 632 3521 1611 547 5235 2739 35445 121 0
514349 157221 12263 31588 64406 151427 96 540334 68507 27562 33601 17064 36416 81800 66829 20415 18779 16211 66206 11013 2291 40019 8419 5266 0
53148 44299 2059 38907 53853 51446 231 40791 10531 16546 570665 4940 14649 10690 18190 609 2584 6493 3940 3408 0 4460 16992 2228 0
14022 73641 302 7388 26014 16477 93 731 988 7880 1415 32409 76419 3436 62983 1287 2091 6175 3926 119515 2992 57 1296 10959 224
860259 196036 6926 336337 300399 20362 0 8928 5719 5556 657050 23542 27243 28600 16235 2141 4375 43444 127230 132965 9135 1962 18482 7767 524
40679 39906 1794 111115 50559 16642 98 2900 5340 19768 12237 22469 53534 4874 44752 307 8951 10177 5849 26276 16690 160 6882 12909 0
489377 534770 7957 29963 235401 219267 0 22763 74583 348145 17370 275460 53794 47331 259375 5721 18233 70835 50165 131511 171092 1171 31528 85209 5267
8609 16481 103 29913 58452 20805 0 2632 434 7047 2672 7921 226353 1702 15294 0 878 1554 4263 86714 5593 0 434 3221 0
53347 11042 0 54 23380 13436 273 514 4712 11206 690 428 12782 29572 171034 246 747 20670 39981 7053 0 11675 138 667 0
3589 58491 0 4525 30176 2135 0 41 865 1118 1434 323 204 1961 839 217 87 2813 616 2031 42 159 0 0 0
150175 276702 995 9323 128236 35912 254 576 34634 42381 6654 2463 16963 50797 35578 10327 6949 23630 5975 535 0 84 8351 1269 157
533926 976863 8522 40613 2670363 972101 9322 53888 99864 201800 65657 11827 483225 400182 695322 45071 30207 146515 645133 30045 381 25976 44544 23574 6582
254 82 0 0 524 0 0 931 0 0 0 0 0 130 0 0 0 0 0 0 0 0 0 0 0
12687 2068 0 252 10113 2673 0 249 300 1371 414 4351 382 480 11068 223 1301 409 3426 1867 128 0 539 120 0
2987 3560 0 1216 126 2990 0 0 48 1492 0 724 345 1536 242 42 0 4762 16731 69 0 283 0 911 0
17891 8235 0 1850 52621 5760 0 729 243 1106 0 45 701 9844 6612 0 304 5806 35915 421 115 0 1038 177 0
193465 256010 806 9032 8901992 180255 2723 1504 225114 126694 6438 15648 76104 228579 97719 21250 21265 8402 12356 39397 2185 1733 8009 229554 0
722075 76227 1443 33006 15773516 98274 65 4482 16374 80511 9113 35333 104890 187122 113922 10890 6736 45704 35371 27746 653 906 1895 7342 2574
15385 5702 187 44999 75858 2925 0 72 809 10107 18859 1791 663 522 5127 96 107 3789 9613 324 1284 390 80 2458 0
80003 19109 4314 281097 396767 3420 0 10054 262 68412 4077 3635 310 1456 4132 928 805 1462 5056 10564 291 160 172 6356 0
29620 14248 552 241321 360391 2129 0 1409 1234 1631 24927 4518 14741 2276 2858 1174 3199 1937 7659 1491 3750 1423 2231 3558 0
75516 145840 1214 286438 355516 18625 0 16385 405 3491 10183 14087 21006 7731 4403 2474 68 3099 34840 21748 1954 1652 6748 8109 0
9372 3550 40 90041 64684 4609 0 366 0 377 2183 2541 37349 40 2373 0 0 300 3166 43669 1960 57 0 2285 0
114953 85142 2310 23539 174672 93214 46 33992 14812 23060 5616 13816 23623 8642 39554 12334 904 20194 44103 40525 8114 1994 4067 10845 7566
41099 106427 190 876 77424 8493 0 3186 6487 3183 27934 24321 7042 1457 48293 2923 586 7566 6088 403617 1421 704 1067 41392 0
55134 56848 0 174 211427 23160 191 6163 1009 5660 26066 4308 2072 4058 12869 3495 1453 3888 27783 23135 229 0 0 3852 0
1707 1185 0 0 4271 0 0 0 0 40 0 220 0 0 747 0 117 290 666 0 810 0 0 0 0
4765384 136618 5732 15704 360853 56056 159 53139 5786 37245 10028 30058 43034 67819 116007 4356 17739 104311 26051 74822 4586 175 3414 20602 902
8317 6163 576 307 14737 52339 0 3210 523 822 993 576 1176 654 2931 203 453 167 4382 1670 340 0 92 0 372
24466 13719 58 299 4559 4042 0 2312 590 183 2183 523 15554 2035 3175 2159 7587 164 143 335 49 2541 632 582 603
2521 4741 0 942 4521 379 0 12238 88 7058 1021 0 316 289 806 0 0 141 1493 257 0 0 0 129 0
6490 3885 0 4228 18634 3289 0 702 875 1859 1579 1333 4950 180 134 2703 0 1083 153 434 836 91 1139 2955 0
74445 41508 403 15786 74958 48712 116 3786 22023 447795 14057 8067 14775 2337 6125 1575 6488 1845 3864 4259 0 607 7056 1236 583
19266 18142 5584 4503 174179 5260 0 2176 7087 13655 692 20487 30110 2479 660 542 302 93776 23136 4825 8504 612 896 11484 0
47347 49903 29777 13821 376397 42347 1207 6366 936 27331 7617 23957 14768 25822 19352 2565 1381 65043 13424 55834 8168 52 23460 11429 0
139214 39280 3930 7553 140827 7224 0 9895 6585 6338 9298 46606 263230 5286 8155 1350 1351 309419 57007 24593 5208 3884 1989 6898 405
18573 10450 132 5721 85238 26570 0 6904 166 7365 90 44949 1543 1865 401 382 1290 553 8062 786 432 0 4241 2291 0
765 3486 1713 0 24712 6092 0 16379 0 286 43 94 2426 154 74 251 254 1391 2715 1134 304 0 0 327 0
29667 136032 269 5470 41419 28875 0 3175 39248 24889 8568 4091 5503 1419 5797 38078 797 778 2043 2331 174 0 1363 83679 181
397854 223256 2711 18620 246721 61432 26200 15991 31252 260859 4578 114810 59475 1117556 219002 12899 99074 33855 15267 4966 406 272 40484 32166 1621
3057 2013 370 0 45904 1985 0 4846 408 1369 0 1185 275 1241 583 0 0 8373 11430 284 41 235 0 656 0
588968 197999 0 2510 72349 8561 0 154 10295 11332 86 75135 20008 171839 4208 12651 1313 9343 1119 7212 52 53 4342 1948 0
420007 372784 3564 56886 3073251 76130 0 102594 37323 286325 34113 32403 23893 16382 42058 2442402 3345 14851 32566 6200 3323 479 12882 7214 306
80 161 0 190 670 0 0 0 0 254 0 3723 360 0 129 0 0 178 0 8664 46 0 0 0 120
11398 10348 52 16449 11337 2540 0 1739 379 11216 425 135893 13100 277 1992 530 1105 1055 638 4913 86 0 1445 548 0
244 0 0 0 5963 0 0 0 0 563 0 416 49 0 0 0 0 0 0 0 0 0 0 384 0
201641 983990 653 4663 128764 35566 292 4250 230885 19021 11916 10708 16745 24530 25242 1915 4581 7507 1852 18967 109 1764 14821 1761 0
483 44 0 0 7620 41 0 0 47 3122 0 576 95 0 615 0 0 417 0 41 0 0 0 2401 0
1788 1773 423 0 177 0 0 2338 0 1944 0 0 40 0 0 0 11622 64 0 0 0 746 0 120 0
1388 0 177 0 216 0 0 1115 0 0 0 0 0 0 0 0 0 204 45 0 0 0 0 0 0
6422 8803 3745 48 7617 1571 0 33969 3314 266 2409 51 912 46311 693 244 0 4944 2183 120 352 746 0 363 0
567 3053 418 0 235 0 0 14987 0 53 0 231 0 0 0 0 63 1036 560 0 0 0 0 0 0
8509 34228 2455 286 1948 512 0 9619 49 619 192 6345 0 700 0 0 0 1048 148 0 676 76 447 0 0
5616 5175 0 0 11206 2978 42 623 1331 380 31303 2144 1247 1635 192 488 821 1312 526 2126 0 0 1982 992 0
4838 2870 0 14339 7893 3089 0 281 688 5055 225979 217 517 277 1535 72 224 223 52 2137 0 0 1105 41 0
1233171 227316 291 59261 658302 426394 741 29232 59643 2363714 557845 67389 286032 74915 209500 38030 31634 129839 257854 136967 2579 48748 7314 76119 42
45855 46123 108 2490 41068 79565 1016 8747 43331 325209 431145 3191 36322 11363 23919 4817 15747 13217 654 6994 0 357 4893 5464 0
67076 25634 86 1159 95227 49840 0 760 2203 180822 28513 5595 5875 4898 75741 300 177 12803 11095 336275 302 1023 4629 7915 0
