10 1.000000 1.000000 1.000000
20 1.000000 1.000000 1.000000
30 1.000000 1.000000 1.000000
40 1.000000 1.000000 1.000000
50 1.000000 1.000000 1.000000
60 1.000000 1.000000 1.000000
70 1.000000 1.000000 1.000000
80 1.000000 1.000000 1.000000
90 1.000000 1.000000 1.000000
100 1.000000 1.000000 1.000000
110 1.000000 1.000000 1.000000
120 1.000000 1.000000 1.000000
130 1.000000 1.000000 1.000000
140 1.000000 1.000000 1.000000
150 1.000000 1.000000 1.000000
160 1.000000 1.000000 1.000000
170 1.000000 1.000000 1.000000
180 1.000000 1.000000 1.000000
190 1.000000 1.000000 1.000000
200 1.000000 1.000000 1.000000
210 1.000000 1.000000 1.000000
220 1.000000 1.000000 1.000000
230 1.000000 1.000000 1.000000
240 1.000000 1.000000 1.000000
250 1.000000 1.000000 1.000000
260 1.000000 1.000000 1.000000
270 1.000000 1.000000 1.000000
280 1.000000 1.000000 1.000000
290 1.000000 1.000000 1.000000
300 1.000000 1.000000 1.000000
310 1.000000 1.000000 1.000000
320 1.000000 1.000000 1.000000
330 1.000000 1.000000 1.000000
340 1.000000 1.000000 1.000000
350 1.000000 1.000000 1.000000
360 1.000000 1.000000 1.000000
370 1.000000 1.000000 1.000000
380 1.000000 1.000000 1.000000
390 1.000000 1.000000 1.000000
400 1.000000 1.000000 1.000000
410 1.000000 1.000000 1.000000
420 1.000000 1.000000 1.000000
430 1.000000 1.000000 1.000000
440 1.000000 1.000000 1.000000
450 1.000000 1.000000 1.000000
460 1.000000 1.000000 1.000000
470 1.000000 1.000000 1.000000
480 1.000000 1.000000 1.000000
490 1.000000 1.000000 1.000000
500 1.000000 1.000000 1.000000
510 1.000000 1.000000 1.000000
520 1.000000 1.000000 1.000000
530 1.000000 1.000000 1.000000
540 1.000000 1.000000 1.000000
550 1.000000 1.000000 1.000000
560 1.000000 1.000000 1.000000
570 1.000000 1.000000 1.000000
580 1.000000 1.000000 1.000000
590 1.000000 1.000000 1.000000
600 1.000000 1.000000 1.000000
610 1.000000 1.000000 1.000000
620 1.000000 1.000000 1.000000
630 1.000000 1.000000 1.000000
640 1.000000 1.000000 1.000000
650 1.000000 1.000000 1.000000
660 1.000000 1.000000 1.000000
670 1.000000 1.000000 1.000000
680 1.000000 1.000000 1.000000
690 1.000000 1.000000 1.000000
700 1.000000 1.000000 1.000000
710 1.000000 1.000000 1.000000
720 1.000000 1.000000 1.000000
730 1.000000 1.000000 1.000000
740 1.000000 1.000000 1.000000
750 1.000000 1.000000 1.000000
760 1.000000 1.000000 1.000000
770 1.000000 1.000000 1.000000
780 1.000000 1.000000 1.000000
790 1.000000 1.000000 1.000000
800 1.000000 1.000000 1.000000
810 1.000000 1.000000 1.000000
820 1.000000 1.000000 1.000000
830 1.000000 1.000000 1.000000
840 1.000000 1.000000 1.000000
850 1.000000 1.000000 1.000000
860 1.000000 1.000000 1.000000
870 1.000000 1.000000 1.000000
880 1.000000 1.000000 1.000000
890 1.000000 1.000000 1.000000
900 1.000000 1.000000 1.000000
910 1.000000 1.000000 1.000000
920 1.000000 1.000000 1.000000
930 1.000000 1.000000 1.000000
940 1.000000 1.000000 1.000000
950 1.000000 1.000000 1.000000
960 1.000000 1.000000 1.000000
970 1.000000 1.000000 1.000000
980 1.000000 1.000000 1.000000
990 1.000000 1.000000 1.000000
1000 1.000000 1.000000 1.000000
1010 1.000000 1.000000 1.000000
1020 1.000000 1.000000 1.000000
1030 1.000000 1.000000 1.000000
1040 1.000000 1.000000 1.000000
1050 1.000000 1.000000 1.000000
1060 1.000000 1.000000 1.000000
1070 1.000000 1.000000 1.000000
1080 1.000000 1.000000 1.000000
1090 1.000000 1.000000 1.000000
1100 1.000000 1.000000 1.000000
1110 1.000000 1.000000 0.999099
1120 1.000000 1.000000 1.000000
1130 1.000000 1.000000 0.997345
1140 1.000000 1.000000 1.000000
1150 1.000000 1.000000 0.999130
1160 1.000000 1.000000 0.999138
1170 1.000000 1.000000 0.999145
1180 1.000000 1.000000 0.999153
1190 1.000000 1.000000 1.000000
1200 1.000000 1.000000 0.998333
1210 1.000000 1.000000 1.000000
1220 1.000000 1.000000 0.999180
1230 1.000000 1.000000 0.996748
1240 1.000000 1.000000 0.998387
1250 1.000000 1.000000 0.995200
1260 1.000000 1.000000 0.996825
1270 1.000000 1.000000 0.996850
1280 1.000000 1.000000 0.996094
1290 1.000000 1.000000 0.993798
1300 1.000000 1.000000 0.996154
1310 1.000000 1.000000 0.989313
1320 1.000000 1.000000 0.986364
1330 1.000000 1.000000 0.987218
1340 0.998507 0.998507 0.985821
1350 1.000000 0.998519 0.974815
1360 0.999265 0.997794 0.967647
1370 0.998540 0.996350 0.949635
1380 0.999275 0.998551 0.949275
1390 0.989928 0.983453 0.912230
1400 0.993571 0.991429 0.900714
1410 0.962411 0.939716 0.812766
1420 0.983099 0.971127 0.842958
1430 0.969930 0.951049 0.769930
1440 0.867361 0.827083 0.627083
1450 0.897241 0.855172 0.653793
1460 0.807534 0.753425 0.530137
1470 0.814286 0.752381 0.476190
1480 0.623649 0.558784 0.332432
1490 0.637584 0.562416 0.334228
1500 0.526000 0.444000 0.227333
1510 0.568212 0.490728 0.256291
1520 0.367105 0.307895 0.138816
1530 0.255556 0.198039 0.082353
1540 0.261688 0.200000 0.081818
1550 0.202581 0.161290 0.067097
1560 0.112821 0.089103 0.033333
1570 0.100000 0.075796 0.024841
1580 0.073418 0.051266 0.017089
1590 0.047170 0.033962 0.008176
1600 0.039375 0.025625 0.008125
1610 0.022981 0.016149 0.004969
1620 0.025309 0.016667 0.000617
1630 0.012270 0.008589 0.000613
1640 0.005488 0.004268 0.002439
1650 0.003636 0.002424 0.000000
1660 0.001807 0.001807 0.000000
1670 0.000000 0.000000 0.000000
1680 0.000595 0.000595 0.000000
1690 0.000000 0.000000 0.000000
1700 0.000000 0.000000 0.000000
1710 0.000000 0.000000 0.000000
1720 0.000000 0.000000 0.000000
1730 0.000000 0.000000 0.000000
1740 0.000000 0.000000 0.000000
1750 0.000000 0.000000 0.000000
1760 0.000000 0.000000 0.000000
1770 0.000000 0.000000 0.000000
1780 0.000000 0.000000 0.000000
1790 0.000000 0.000000 0.000000
1800 0.000000 0.000000 0.000000
1810 0.000000 0.000000 0.000000
1820 0.000000 0.000000 0.000000
1830 0.000000 0.000000 0.000000
1840 0.000000 0.000000 0.000000
1850 0.000000 0.000000 0.000000
1860 0.000000 0.000000 0.000000
1870 0.000000 0.000000 0.000000
1880 0.000000 0.000000 0.000000
1890 0.000000 0.000000 0.000000
1900 0.000000 0.000000 0.000000
1910 0.000000 0.000000 0.000000
1920 0.000000 0.000000 0.000000
1930 0.000000 0.000000 0.000000
1940 0.000000 0.000000 0.000000
1950 0.000000 0.000000 0.000000
1960 0.000000 0.000000 0.000000
1970 0.000000 0.000000 0.000000
1980 0.000000 0.000000 0.000000
1990 0.000000 0.000000 0.000000
10 1.000000 1.000000 1.000000
20 1.000000 1.000000 1.000000
30 1.000000 1.000000 1.000000
40 1.000000 1.000000 1.000000
50 1.000000 1.000000 1.000000
60 1.000000 1.000000 1.000000
70 1.000000 1.000000 1.000000
80 1.000000 1.000000 1.000000
90 1.000000 1.000000 1.000000
100 1.000000 1.000000 1.000000
110 1.000000 1.000000 1.000000
120 1.000000 1.000000 1.000000
130 1.000000 1.000000 1.000000
140 1.000000 1.000000 1.000000
150 1.000000 1.000000 1.000000
160 1.000000 1.000000 1.000000
170 1.000000 1.000000 1.000000
180 1.000000 1.000000 1.000000
190 1.000000 1.000000 1.000000
200 1.000000 1.000000 1.000000
210 1.000000 1.000000 1.000000
220 1.000000 1.000000 1.000000
230 1.000000 1.000000 1.000000
240 1.000000 1.000000 1.000000
250 1.000000 1.000000 1.000000
260 1.000000 1.000000 1.000000
270 1.000000 1.000000 1.000000
280 1.000000 1.000000 1.000000
290 1.000000 1.000000 1.000000
300 1.000000 1.000000 1.000000
310 1.000000 1.000000 1.000000
320 1.000000 1.000000 1.000000
330 1.000000 1.000000 1.000000
340 1.000000 1.000000 1.000000
350 1.000000 1.000000 1.000000
360 1.000000 1.000000 1.000000
370 1.000000 1.000000 1.000000
380 1.000000 1.000000 1.000000
390 1.000000 1.000000 1.000000
400 1.000000 1.000000 1.000000
410 1.000000 1.000000 1.000000
420 1.000000 1.000000 1.000000
430 1.000000 1.000000 1.000000
440 1.000000 1.000000 1.000000
450 1.000000 1.000000 1.000000
460 1.000000 1.000000 1.000000
470 1.000000 1.000000 1.000000
480 1.000000 1.000000 1.000000
490 1.000000 1.000000 1.000000
500 1.000000 1.000000 1.000000
510 1.000000 1.000000 1.000000
520 1.000000 1.000000 1.000000
530 1.000000 1.000000 1.000000
540 1.000000 1.000000 1.000000
550 1.000000 1.000000 1.000000
560 1.000000 1.000000 1.000000
570 1.000000 1.000000 1.000000
580 1.000000 1.000000 1.000000
590 1.000000 1.000000 1.000000
600 1.000000 1.000000 1.000000
610 1.000000 1.000000 1.000000
620 1.000000 1.000000 1.000000
630 1.000000 1.000000 1.000000
640 1.000000 1.000000 1.000000
650 1.000000 1.000000 1.000000
660 1.000000 1.000000 1.000000
670 1.000000 1.000000 1.000000
680 1.000000 1.000000 1.000000
690 1.000000 1.000000 1.000000
700 1.000000 1.000000 1.000000
710 1.000000 1.000000 1.000000
720 1.000000 1.000000 1.000000
730 1.000000 1.000000 1.000000
740 1.000000 1.000000 1.000000
750 1.000000 1.000000 1.000000
760 1.000000 1.000000 1.000000
770 1.000000 1.000000 1.000000
780 1.000000 1.000000 1.000000
790 1.000000 1.000000 1.000000
800 1.000000 1.000000 1.000000
810 1.000000 1.000000 1.000000
820 1.000000 1.000000 1.000000
830 1.000000 1.000000 1.000000
840 1.000000 1.000000 1.000000
850 1.000000 1.000000 1.000000
860 1.000000 1.000000 1.000000
870 1.000000 1.000000 1.000000
880 1.000000 1.000000 1.000000
890 1.000000 1.000000 1.000000
900 1.000000 1.000000 1.000000
910 1.000000 1.000000 1.000000
920 1.000000 1.000000 1.000000
930 1.000000 1.000000 1.000000
940 1.000000 1.000000 1.000000
950 1.000000 1.000000 1.000000
960 1.000000 1.000000 1.000000
970 1.000000 1.000000 1.000000
980 1.000000 1.000000 0.997959
990 1.000000 1.000000 1.000000
1000 1.000000 1.000000 0.998000
1010 1.000000 1.000000 0.995050
1020 1.000000 1.000000 0.986275
1030 1.000000 1.000000 0.985437
1040 1.000000 1.000000 0.975000
1050 1.000000 1.000000 0.965714
1060 1.000000 1.000000 0.938679
1070 1.000000 1.000000 0.911215
1080 1.000000 1.000000 0.880556
1090 1.000000 0.999083 0.842202
1100 1.000000 1.000000 0.800000
1110 1.000000 0.999099 0.705405
1120 1.000000 0.999107 0.683929
1130 1.000000 0.998230 0.578761
1140 1.000000 0.995614 0.502632
1150 1.000000 0.987826 0.386087
1160 1.000000 0.973276 0.287931
1170 0.996581 0.960684 0.193162
1180 0.995763 0.953390 0.196610
1190 0.994958 0.909244 0.124370
1200 0.992500 0.880000 0.078333
1210 0.975207 0.800000 0.049587
1220 0.940164 0.734426 0.032787
1230 0.905691 0.618699 0.016260
1240 0.857258 0.533065 0.011290
1250 0.818400 0.451200 0.004800
1260 0.680159 0.334127 0.000000
1270 0.525197 0.237008 0.001575
1280 0.492969 0.192188 0.000000
1290 0.393798 0.158140 0.000775
1300 0.252308 0.073077 0.000769
1310 0.233588 0.060305 0.000000
1320 0.137879 0.040152 0.000000
1330 0.087970 0.013534 0.000000
1340 0.055970 0.011940 0.000000
1350 0.019259 0.005185 0.000000
1360 0.011765 0.001471 0.000000
1370 0.005839 0.002190 0.000000
1380 0.001449 0.000000 0.000000
1390 0.001439 0.000719 0.000000
1400 0.000714 0.000000 0.000000
1410 0.000709 0.000000 0.000000
1420 0.000000 0.000000 0.000000
1430 0.000000 0.000000 0.000000
1440 0.000000 0.000000 0.000000
1450 0.000000 0.000000 0.000000
1460 0.000000 0.000000 0.000000
1470 0.000000 0.000000 0.000000
1480 0.000000 0.000000 0.000000
1490 0.000000 0.000000 0.000000
1500 0.000000 0.000000 0.000000
1510 0.000000 0.000000 0.000000
1520 0.000000 0.000000 0.000000
1530 0.000000 0.000000 0.000000
1540 0.000000 0.000000 0.000000
1550 0.000000 0.000000 0.000000
1560 0.000000 0.000000 0.000000
1570 0.000000 0.000000 0.000000
1580 0.000000 0.000000 0.000000
1590 0.000000 0.000000 0.000000
1600 0.000000 0.000000 0.000000
1610 0.000000 0.000000 0.000000
1620 0.000000 0.000000 0.000000
1630 0.000000 0.000000 0.000000
1640 0.000000 0.000000 0.000000
1650 0.000000 0.000000 0.000000
1660 0.000000 0.000000 0.000000
1670 0.000000 0.000000 0.000000
1680 0.000000 0.000000 0.000000
1690 0.000000 0.000000 0.000000
1700 0.000000 0.000000 0.000000
1710 0.000000 0.000000 0.000000
1720 0.000000 0.000000 0.000000
1730 0.000000 0.000000 0.000000
1740 0.000000 0.000000 0.000000
1750 0.000000 0.000000 0.000000
1760 0.000000 0.000000 0.000000
1770 0.000000 0.000000 0.000000
1780 0.000000 0.000000 0.000000
1790 0.000000 0.000000 0.000000
1800 0.000000 0.000000 0.000000
1810 0.000000 0.000000 0.000000
1820 0.000000 0.000000 0.000000
1830 0.000000 0.000000 0.000000
1840 0.000000 0.000000 0.000000
1850 0.000000 0.000000 0.000000
1860 0.000000 0.000000 0.000000
1870 0.000000 0.000000 0.000000
1880 0.000000 0.000000 0.000000
1890 0.000000 0.000000 0.000000
1900 0.000000 0.000000 0.000000
1910 0.000000 0.000000 0.000000
1920 0.000000 0.000000 0.000000
1930 0.000000 0.000000 0.000000
1940 0.000000 0.000000 0.000000
1950 0.000000 0.000000 0.000000
1960 0.000000 0.000000 0.000000
1970 0.000000 0.000000 0.000000
1980 0.000000 0.000000 0.000000
1990 0.000000 0.000000 0.000000
10 1.000000 1.000000 1.000000
20 1.000000 1.000000 1.000000
30 1.000000 1.000000 1.000000
40 1.000000 1.000000 1.000000
50 1.000000 1.000000 1.000000
60 1.000000 1.000000 1.000000
70 1.000000 1.000000 1.000000
80 1.000000 1.000000 1.000000
90 1.000000 1.000000 1.000000
100 1.000000 1.000000 1.000000
110 1.000000 1.000000 1.000000
120 1.000000 1.000000 1.000000
130 1.000000 1.000000 1.000000
140 1.000000 1.000000 1.000000
150 1.000000 1.000000 1.000000
160 1.000000 1.000000 1.000000
170 1.000000 1.000000 1.000000
180 1.000000 1.000000 1.000000
190 1.000000 1.000000 1.000000
200 1.000000 1.000000 1.000000
210 1.000000 1.000000 1.000000
220 1.000000 1.000000 1.000000
230 1.000000 1.000000 1.000000
240 1.000000 1.000000 1.000000
250 1.000000 1.000000 1.000000
260 1.000000 1.000000 1.000000
270 1.000000 1.000000 1.000000
280 1.000000 1.000000 1.000000
290 1.000000 1.000000 1.000000
300 1.000000 1.000000 1.000000
310 1.000000 1.000000 1.000000
320 1.000000 1.000000 1.000000
330 1.000000 1.000000 1.000000
340 1.000000 1.000000 1.000000
350 1.000000 1.000000 1.000000
360 1.000000 1.000000 1.000000
370 1.000000 1.000000 1.000000
380 1.000000 1.000000 1.000000
390 1.000000 1.000000 1.000000
400 1.000000 1.000000 1.000000
410 1.000000 1.000000 1.000000
420 1.000000 1.000000 1.000000
430 1.000000 1.000000 1.000000
440 1.000000 1.000000 1.000000
450 1.000000 1.000000 1.000000
460 1.000000 1.000000 1.000000
470 1.000000 1.000000 1.000000
480 1.000000 1.000000 1.000000
490 1.000000 1.000000 1.000000
500 1.000000 1.000000 1.000000
510 1.000000 1.000000 1.000000
520 1.000000 1.000000 1.000000
530 1.000000 1.000000 1.000000
540 1.000000 1.000000 1.000000
550 1.000000 1.000000 1.000000
560 1.000000 1.000000 1.000000
570 1.000000 1.000000 1.000000
580 1.000000 1.000000 1.000000
590 1.000000 1.000000 1.000000
600 1.000000 1.000000 1.000000
610 1.000000 1.000000 1.000000
620 1.000000 1.000000 1.000000
630 1.000000 1.000000 1.000000
640 1.000000 1.000000 1.000000
650 1.000000 1.000000 1.000000
660 1.000000 1.000000 1.000000
670 1.000000 1.000000 1.000000
680 1.000000 1.000000 1.000000
690 1.000000 1.000000 1.000000
700 1.000000 1.000000 1.000000
710 1.000000 1.000000 1.000000
720 1.000000 1.000000 1.000000
730 1.000000 1.000000 1.000000
740 1.000000 1.000000 1.000000
750 1.000000 1.000000 1.000000
760 1.000000 1.000000 1.000000
770 1.000000 1.000000 0.997403
780 1.000000 1.000000 0.998718
790 1.000000 1.000000 0.987342
800 1.000000 1.000000 0.981250
810 1.000000 1.000000 0.974074
820 1.000000 1.000000 0.941463
830 1.000000 1.000000 0.918072
840 1.000000 1.000000 0.910714
850 1.000000 1.000000 0.822353
860 1.000000 1.000000 0.769767
870 1.000000 1.000000 0.725287
880 1.000000 0.997727 0.634091
890 1.000000 0.997753 0.516854
900 1.000000 0.995556 0.446667
910 1.000000 0.996703 0.362637
920 1.000000 0.986957 0.276087
930 1.000000 0.990323 0.233333
940 1.000000 0.982979 0.135106
950 0.995789 0.960000 0.086316
960 0.994792 0.942708 0.062500
970 0.995876 0.924742 0.039175
980 0.981633 0.848980 0.023469
990 0.980808 0.804040 0.013131
1000 0.942000 0.695000 0.005000
1010 0.940594 0.616832 0.002970
1020 0.917647 0.559804 0.001961
1030 0.838835 0.405825 0.000000
1040 0.805769 0.371154 0.000000
1050 0.703810 0.258095 0.000000
1060 0.625472 0.163208 0.000000
1070 0.515888 0.111215 0.000000
1080 0.492593 0.077778 0.000000
1090 0.382569 0.049541 0.000000
1100 0.244545 0.026364 0.000000
1110 0.151351 0.005405 0.000000
1120 0.133929 0.010714 0.000000
1130 0.073451 0.003540 0.000000
1140 0.034211 0.000877 0.000000
1150 0.022609 0.000000 0.000000
1160 0.012931 0.000000 0.000000
1170 0.005128 0.000000 0.000000
1180 0.000000 0.000000 0.000000
1190 0.000840 0.000000 0.000000
1200 0.000833 0.000000 0.000000
1210 0.000000 0.000000 0.000000
1220 0.000000 0.000000 0.000000
1230 0.000000 0.000000 0.000000
1240 0.000000 0.000000 0.000000
1250 0.000000 0.000000 0.000000
1260 0.000000 0.000000 0.000000
1270 0.000000 0.000000 0.000000
1280 0.000000 0.000000 0.000000
1290 0.000000 0.000000 0.000000
1300 0.000000 0.000000 0.000000
1310 0.000000 0.000000 0.000000
1320 0.000000 0.000000 0.000000
1330 0.000000 0.000000 0.000000
1340 0.000000 0.000000 0.000000
1350 0.000000 0.000000 0.000000
1360 0.000000 0.000000 0.000000
1370 0.000000 0.000000 0.000000
1380 0.000000 0.000000 0.000000
1390 0.000000 0.000000 0.000000
1400 0.000000 0.000000 0.000000
1410 0.000000 0.000000 0.000000
1420 0.000000 0.000000 0.000000
1430 0.000000 0.000000 0.000000
1440 0.000000 0.000000 0.000000
1450 0.000000 0.000000 0.000000
1460 0.000000 0.000000 0.000000
1470 0.000000 0.000000 0.000000
1480 0.000000 0.000000 0.000000
1490 0.000000 0.000000 0.000000
1500 0.000000 0.000000 0.000000
1510 0.000000 0.000000 0.000000
1520 0.000000 0.000000 0.000000
1530 0.000000 0.000000 0.000000
1540 0.000000 0.000000 0.000000
1550 0.000000 0.000000 0.000000
1560 0.000000 0.000000 0.000000
1570 0.000000 0.000000 0.000000
1580 0.000000 0.000000 0.000000
1590 0.000000 0.000000 0.000000
1600 0.000000 0.000000 0.000000
1610 0.000000 0.000000 0.000000
1620 0.000000 0.000000 0.000000
1630 0.000000 0.000000 0.000000
1640 0.000000 0.000000 0.000000
1650 0.000000 0.000000 0.000000
1660 0.000000 0.000000 0.000000
1670 0.000000 0.000000 0.000000
1680 0.000000 0.000000 0.000000
1690 0.000000 0.000000 0.000000
1700 0.000000 0.000000 0.000000
1710 0.000000 0.000000 0.000000
1720 0.000000 0.000000 0.000000
1730 0.000000 0.000000 0.000000
1740 0.000000 0.000000 0.000000
1750 0.000000 0.000000 0.000000
1760 0.000000 0.000000 0.000000
1770 0.000000 0.000000 0.000000
1780 0.000000 0.000000 0.000000
1790 0.000000 0.000000 0.000000
1800 0.000000 0.000000 0.000000
1810 0.000000 0.000000 0.000000
1820 0.000000 0.000000 0.000000
1830 0.000000 0.000000 0.000000
1840 0.000000 0.000000 0.000000
1850 0.000000 0.000000 0.000000
1860 0.000000 0.000000 0.000000
1870 0.000000 0.000000 0.000000
1880 0.000000 0.000000 0.000000
1890 0.000000 0.000000 0.000000
1900 0.000000 0.000000 0.000000
1910 0.000000 0.000000 0.000000
1920 0.000000 0.000000 0.000000
1930 0.000000 0.000000 0.000000
1940 0.000000 0.000000 0.000000
1950 0.000000 0.000000 0.000000
1960 0.000000 0.000000 0.000000
1970 0.000000 0.000000 0.000000
1980 0.000000 0.000000 0.000000
1990 0.000000 0.000000 0.000000
10 1.000000 1.000000 1.000000
20 1.000000 1.000000 1.000000
30 1.000000 1.000000 1.000000
40 1.000000 1.000000 1.000000
50 1.000000 1.000000 1.000000
60 1.000000 1.000000 1.000000
70 1.000000 1.000000 1.000000
80 1.000000 1.000000 1.000000
90 1.000000 1.000000 1.000000
100 1.000000 1.000000 1.000000
110 1.000000 1.000000 1.000000
120 1.000000 1.000000 1.000000
130 1.000000 1.000000 1.000000
140 1.000000 1.000000 1.000000
150 1.000000 1.000000 1.000000
160 1.000000 1.000000 1.000000
170 1.000000 1.000000 1.000000
180 1.000000 1.000000 1.000000
190 1.000000 1.000000 1.000000
200 1.000000 1.000000 1.000000
210 1.000000 1.000000 1.000000
220 1.000000 1.000000 1.000000
230 1.000000 1.000000 1.000000
240 1.000000 1.000000 1.000000
250 1.000000 1.000000 1.000000
260 1.000000 1.000000 1.000000
270 1.000000 1.000000 1.000000
280 1.000000 1.000000 1.000000
290 1.000000 1.000000 1.000000
300 1.000000 1.000000 1.000000
310 1.000000 1.000000 1.000000
320 1.000000 1.000000 1.000000
330 1.000000 1.000000 1.000000
340 1.000000 1.000000 1.000000
350 1.000000 1.000000 1.000000
360 1.000000 1.000000 1.000000
370 1.000000 1.000000 1.000000
380 1.000000 1.000000 1.000000
390 1.000000 1.000000 1.000000
400 1.000000 1.000000 1.000000
410 1.000000 1.000000 1.000000
420 1.000000 1.000000 1.000000
430 1.000000 1.000000 1.000000
440 1.000000 1.000000 1.000000
450 1.000000 1.000000 1.000000
460 1.000000 1.000000 1.000000
470 1.000000 1.000000 1.000000
480 1.000000 1.000000 1.000000
490 1.000000 1.000000 1.000000
500 1.000000 1.000000 1.000000
510 1.000000 1.000000 1.000000
520 1.000000 1.000000 1.000000
530 1.000000 1.000000 1.000000
540 1.000000 1.000000 1.000000
550 1.000000 1.000000 1.000000
560 1.000000 1.000000 1.000000
570 1.000000 1.000000 0.998246
580 1.000000 1.000000 0.994828
590 1.000000 1.000000 0.998305
600 1.000000 1.000000 0.996667
610 1.000000 1.000000 0.995082
620 1.000000 1.000000 0.993548
630 1.000000 1.000000 0.976190
640 1.000000 1.000000 0.945312
650 1.000000 1.000000 0.923077
660 1.000000 1.000000 0.893939
670 1.000000 1.000000 0.819403
680 1.000000 1.000000 0.744118
690 1.000000 1.000000 0.669565
700 1.000000 0.998571 0.535714
710 1.000000 1.000000 0.457746
720 1.000000 0.993056 0.369444
730 0.997260 0.983562 0.236986
740 0.998649 0.986486 0.163514
750 0.994667 0.969333 0.118667
760 0.994737 0.960526 0.088158
770 0.989610 0.941558 0.035065
780 0.988462 0.905128 0.026923
790 0.974684 0.873418 0.016456
800 0.962500 0.780000 0.002500
810 0.929630 0.703704 0.002469
820 0.912195 0.641463 0.003659
830 0.861446 0.565060 0.002410
840 0.808333 0.428571 0.000000
850 0.721176 0.304706 0.000000
860 0.633721 0.248837 0.000000
870 0.557471 0.163218 0.000000
880 0.498864 0.137500 0.000000
890 0.402247 0.086517 0.000000
900 0.300000 0.035556 0.000000
910 0.251648 0.028571 0.000000
920 0.173913 0.015217 0.000000
930 0.133333 0.007527 0.000000
940 0.073404 0.003191 0.000000
950 0.041053 0.001053 0.000000
960 0.030208 0.000000 0.000000
970 0.010309 0.000000 0.000000
980 0.008163 0.000000 0.000000
990 0.002020 0.000000 0.000000
1000 0.000000 0.000000 0.000000
1010 0.000000 0.000000 0.000000
1020 0.000980 0.000000 0.000000
1030 0.000000 0.000000 0.000000
1040 0.000000 0.000000 0.000000
1050 0.000000 0.000000 0.000000
1060 0.000000 0.000000 0.000000
1070 0.000000 0.000000 0.000000
1080 0.000000 0.000000 0.000000
1090 0.000000 0.000000 0.000000
1100 0.000000 0.000000 0.000000
1110 0.000000 0.000000 0.000000
1120 0.000000 0.000000 0.000000
1130 0.000000 0.000000 0.000000
1140 0.000000 0.000000 0.000000
1150 0.000000 0.000000 0.000000
1160 0.000000 0.000000 0.000000
1170 0.000000 0.000000 0.000000
1180 0.000000 0.000000 0.000000
1190 0.000000 0.000000 0.000000
1200 0.000000 0.000000 0.000000
1210 0.000000 0.000000 0.000000
1220 0.000000 0.000000 0.000000
1230 0.000000 0.000000 0.000000
1240 0.000000 0.000000 0.000000
1250 0.000000 0.000000 0.000000
1260 0.000000 0.000000 0.000000
1270 0.000000 0.000000 0.000000
1280 0.000000 0.000000 0.000000
1290 0.000000 0.000000 0.000000
1300 0.000000 0.000000 0.000000
1310 0.000000 0.000000 0.000000
1320 0.000000 0.000000 0.000000
1330 0.000000 0.000000 0.000000
1340 0.000000 0.000000 0.000000
1350 0.000000 0.000000 0.000000
1360 0.000000 0.000000 0.000000
1370 0.000000 0.000000 0.000000
1380 0.000000 0.000000 0.000000
1390 0.000000 0.000000 0.000000
1400 0.000000 0.000000 0.000000
1410 0.000000 0.000000 0.000000
1420 0.000000 0.000000 0.000000
1430 0.000000 0.000000 0.000000
1440 0.000000 0.000000 0.000000
1450 0.000000 0.000000 0.000000
1460 0.000000 0.000000 0.000000
1470 0.000000 0.000000 0.000000
1480 0.000000 0.000000 0.000000
1490 0.000000 0.000000 0.000000
1500 0.000000 0.000000 0.000000
1510 0.000000 0.000000 0.000000
1520 0.000000 0.000000 0.000000
1530 0.000000 0.000000 0.000000
1540 0.000000 0.000000 0.000000
1550 0.000000 0.000000 0.000000
1560 0.000000 0.000000 0.000000
1570 0.000000 0.000000 0.000000
1580 0.000000 0.000000 0.000000
1590 0.000000 0.000000 0.000000
1600 0.000000 0.000000 0.000000
1610 0.000000 0.000000 0.000000
1620 0.000000 0.000000 0.000000
1630 0.000000 0.000000 0.000000
1640 0.000000 0.000000 0.000000
1650 0.000000 0.000000 0.000000
1660 0.000000 0.000000 0.000000
1670 0.000000 0.000000 0.000000
1680 0.000000 0.000000 0.000000
1690 0.000000 0.000000 0.000000
1700 0.000000 0.000000 0.000000
1710 0.000000 0.000000 0.000000
1720 0.000000 0.000000 0.000000
1730 0.000000 0.000000 0.000000
1740 0.000000 0.000000 0.000000
1750 0.000000 0.000000 0.000000
1760 0.000000 0.000000 0.000000
1770 0.000000 0.000000 0.000000
1780 0.000000 0.000000 0.000000
1790 0.000000 0.000000 0.000000
1800 0.000000 0.000000 0.000000
1810 0.000000 0.000000 0.000000
1820 0.000000 0.000000 0.000000
1830 0.000000 0.000000 0.000000
1840 0.000000 0.000000 0.000000
1850 0.000000 0.000000 0.000000
1860 0.000000 0.000000 0.000000
1870 0.000000 0.000000 0.000000
1880 0.000000 0.000000 0.000000
1890 0.000000 0.000000 0.000000
1900 0.000000 0.000000 0.000000
1910 0.000000 0.000000 0.000000
1920 0.000000 0.000000 0.000000
1930 0.000000 0.000000 0.000000
1940 0.000000 0.000000 0.000000
1950 0.000000 0.000000 0.000000
1960 0.000000 0.000000 0.000000
1970 0.000000 0.000000 0.000000
1980 0.000000 0.000000 0.000000
1990 0.000000 0.000000 0.000000
10 1.000000 1.000000 1.000000
20 1.000000 1.000000 1.000000
30 1.000000 1.000000 1.000000
40 1.000000 1.000000 1.000000
50 1.000000 1.000000 1.000000
60 1.000000 1.000000 1.000000
70 1.000000 1.000000 1.000000
80 1.000000 1.000000 1.000000
90 1.000000 1.000000 1.000000
100 1.000000 1.000000 1.000000
110 1.000000 1.000000 1.000000
120 1.000000 1.000000 1.000000
130 1.000000 1.000000 1.000000
140 1.000000 1.000000 1.000000
150 1.000000 1.000000 1.000000
160 1.000000 1.000000 1.000000
170 1.000000 1.000000 1.000000
180 1.000000 1.000000 1.000000
190 1.000000 1.000000 1.000000
200 1.000000 1.000000 1.000000
210 1.000000 1.000000 1.000000
220 1.000000 1.000000 1.000000
230 1.000000 1.000000 1.000000
240 1.000000 1.000000 1.000000
250 1.000000 1.000000 1.000000
260 1.000000 1.000000 1.000000
270 1.000000 1.000000 1.000000
280 1.000000 1.000000 1.000000
290 1.000000 1.000000 1.000000
300 1.000000 1.000000 1.000000
310 1.000000 1.000000 1.000000
320 1.000000 1.000000 1.000000
330 1.000000 1.000000 1.000000
340 1.000000 1.000000 1.000000
350 1.000000 1.000000 1.000000
360 1.000000 1.000000 1.000000
370 1.000000 1.000000 1.000000
380 1.000000 1.000000 1.000000
390 1.000000 1.000000 1.000000
400 1.000000 1.000000 1.000000
410 1.000000 1.000000 1.000000
420 1.000000 1.000000 1.000000
430 1.000000 1.000000 1.000000
440 1.000000 1.000000 1.000000
450 1.000000 1.000000 1.000000
460 1.000000 1.000000 0.997826
470 1.000000 1.000000 1.000000
480 1.000000 1.000000 0.997917
490 1.000000 1.000000 0.969388
500 1.000000 1.000000 0.956000
510 1.000000 1.000000 0.927451
520 1.000000 1.000000 0.869231
530 1.000000 1.000000 0.824528
540 1.000000 1.000000 0.675926
550 1.000000 1.000000 0.589091
560 1.000000 0.996429 0.444643
570 0.998246 0.992982 0.347368
580 1.000000 0.993103 0.251724
590 0.991525 0.977966 0.184746
600 0.991667 0.961667 0.093333
610 0.981967 0.942623 0.054098
620 0.987097 0.898387 0.037097
630 0.968254 0.871429 0.022222
640 0.945312 0.785937 0.007812
650 0.916923 0.718462 0.006154
660 0.857576 0.625758 0.001515
670 0.819403 0.508955 0.001493
680 0.713235 0.373529 0.000000
690 0.640580 0.311594 0.000000
700 0.508571 0.192857 0.000000
710 0.436620 0.149296 0.000000
720 0.386111 0.097222 0.000000
730 0.221918 0.053425 0.000000
740 0.213514 0.044595 0.000000
750 0.145333 0.025333 0.000000
760 0.105263 0.014474 0.000000
770 0.066234 0.002597 0.000000
780 0.030769 0.001282 0.000000
790 0.032911 0.002532 0.000000
800 0.010000 0.000000 0.000000
810 0.004938 0.000000 0.000000
820 0.003659 0.000000 0.000000
830 0.004819 0.000000 0.000000
840 0.003571 0.000000 0.000000
850 0.001176 0.000000 0.000000
860 0.001163 0.000000 0.000000
870 0.001149 0.000000 0.000000
880 0.000000 0.000000 0.000000
890 0.000000 0.000000 0.000000
900 0.000000 0.000000 0.000000
910 0.000000 0.000000 0.000000
920 0.000000 0.000000 0.000000
930 0.000000 0.000000 0.000000
940 0.000000 0.000000 0.000000
950 0.000000 0.000000 0.000000
960 0.000000 0.000000 0.000000
970 0.000000 0.000000 0.000000
980 0.000000 0.000000 0.000000
990 0.000000 0.000000 0.000000
1000 0.000000 0.000000 0.000000
1010 0.000000 0.000000 0.000000
1020 0.000000 0.000000 0.000000
1030 0.000000 0.000000 0.000000
1040 0.000000 0.000000 0.000000
1050 0.000000 0.000000 0.000000
1060 0.000000 0.000000 0.000000
1070 0.000000 0.000000 0.000000
1080 0.000000 0.000000 0.000000
1090 0.000000 0.000000 0.000000
1100 0.000000 0.000000 0.000000
1110 0.000000 0.000000 0.000000
1120 0.000000 0.000000 0.000000
1130 0.000000 0.000000 0.000000
1140 0.000000 0.000000 0.000000
1150 0.000000 0.000000 0.000000
1160 0.000000 0.000000 0.000000
1170 0.000000 0.000000 0.000000
1180 0.000000 0.000000 0.000000
1190 0.000000 0.000000 0.000000
1200 0.000000 0.000000 0.000000
1210 0.000000 0.000000 0.000000
1220 0.000000 0.000000 0.000000
1230 0.000000 0.000000 0.000000
1240 0.000000 0.000000 0.000000
1250 0.000000 0.000000 0.000000
1260 0.000000 0.000000 0.000000
1270 0.000000 0.000000 0.000000
1280 0.000000 0.000000 0.000000
1290 0.000000 0.000000 0.000000
1300 0.000000 0.000000 0.000000
1310 0.000000 0.000000 0.000000
1320 0.000000 0.000000 0.000000
1330 0.000000 0.000000 0.000000
1340 0.000000 0.000000 0.000000
1350 0.000000 0.000000 0.000000
1360 0.000000 0.000000 0.000000
1370 0.000000 0.000000 0.000000
1380 0.000000 0.000000 0.000000
1390 0.000000 0.000000 0.000000
1400 0.000000 0.000000 0.000000
1410 0.000000 0.000000 0.000000
1420 0.000000 0.000000 0.000000
1430 0.000000 0.000000 0.000000
1440 0.000000 0.000000 0.000000
1450 0.000000 0.000000 0.000000
1460 0.000000 0.000000 0.000000
1470 0.000000 0.000000 0.000000
1480 0.000000 0.000000 0.000000
1490 0.000000 0.000000 0.000000
1500 0.000000 0.000000 0.000000
1510 0.000000 0.000000 0.000000
1520 0.000000 0.000000 0.000000
1530 0.000000 0.000000 0.000000
1540 0.000000 0.000000 0.000000
1550 0.000000 0.000000 0.000000
1560 0.000000 0.000000 0.000000
1570 0.000000 0.000000 0.000000
1580 0.000000 0.000000 0.000000
1590 0.000000 0.000000 0.000000
1600 0.000000 0.000000 0.000000
1610 0.000000 0.000000 0.000000
1620 0.000000 0.000000 0.000000
1630 0.000000 0.000000 0.000000
1640 0.000000 0.000000 0.000000
1650 0.000000 0.000000 0.000000
1660 0.000000 0.000000 0.000000
1670 0.000000 0.000000 0.000000
1680 0.000000 0.000000 0.000000
1690 0.000000 0.000000 0.000000
1700 0.000000 0.000000 0.000000
1710 0.000000 0.000000 0.000000
1720 0.000000 0.000000 0.000000
1730 0.000000 0.000000 0.000000
1740 0.000000 0.000000 0.000000
1750 0.000000 0.000000 0.000000
1760 0.000000 0.000000 0.000000
1770 0.000000 0.000000 0.000000
1780 0.000000 0.000000 0.000000
1790 0.000000 0.000000 0.000000
1800 0.000000 0.000000 0.000000
1810 0.000000 0.000000 0.000000
1820 0.000000 0.000000 0.000000
1830 0.000000 0.000000 0.000000
1840 0.000000 0.000000 0.000000
1850 0.000000 0.000000 0.000000
1860 0.000000 0.000000 0.000000
1870 0.000000 0.000000 0.000000
1880 0.000000 0.000000 0.000000
1890 0.000000 0.000000 0.000000
1900 0.000000 0.000000 0.000000
1910 0.000000 0.000000 0.000000
1920 0.000000 0.000000 0.000000
1930 0.000000 0.000000 0.000000
1940 0.000000 0.000000 0.000000
1950 0.000000 0.000000 0.000000
1960 0.000000 0.000000 0.000000
1970 0.000000 0.000000 0.000000
1980 0.000000 0.000000 0.000000
1990 0.000000 0.000000 0.000000
10 1.000000 1.000000 1.000000
20 1.000000 1.000000 1.000000
30 1.000000 1.000000 1.000000
40 1.000000 1.000000 1.000000
50 1.000000 1.000000 1.000000
60 1.000000 1.000000 1.000000
70 1.000000 1.000000 1.000000
80 1.000000 1.000000 1.000000
90 1.000000 1.000000 1.000000
100 1.000000 1.000000 1.000000
110 1.000000 1.000000 1.000000
120 1.000000 1.000000 1.000000
130 1.000000 1.000000 1.000000
140 1.000000 1.000000 1.000000
150 1.000000 1.000000 1.000000
160 1.000000 1.000000 1.000000
170 1.000000 1.000000 1.000000
180 1.000000 1.000000 1.000000
190 1.000000 1.000000 1.000000
200 1.000000 1.000000 1.000000
210 1.000000 1.000000 1.000000
220 1.000000 1.000000 1.000000
230 1.000000 1.000000 1.000000
240 1.000000 1.000000 1.000000
250 1.000000 1.000000 1.000000
260 1.000000 1.000000 1.000000
270 1.000000 1.000000 1.000000
280 1.000000 1.000000 1.000000
290 1.000000 1.000000 1.000000
300 1.000000 1.000000 1.000000
310 1.000000 1.000000 1.000000
320 1.000000 1.000000 1.000000
330 1.000000 1.000000 1.000000
340 1.000000 1.000000 1.000000
350 1.000000 1.000000 1.000000
360 1.000000 1.000000 1.000000
370 1.000000 1.000000 0.994595
380 1.000000 1.000000 0.986842
390 1.000000 1.000000 0.958974
400 1.000000 1.000000 0.927500
410 1.000000 1.000000 0.846341
420 1.000000 1.000000 0.776190
430 1.000000 1.000000 0.600000
440 1.000000 0.997727 0.484091
450 0.995556 0.993333 0.344444
460 1.000000 0.993478 0.234783
470 0.995745 0.978723 0.125532
480 0.985417 0.950000 0.087500
490 0.967347 0.895918 0.030612
500 0.940000 0.822000 0.022000
510 0.884314 0.749020 0.001961
520 0.819231 0.644231 0.000000
530 0.775472 0.539623 0.000000
540 0.638889 0.398148 0.001852
550 0.516364 0.289091 0.000000
560 0.419643 0.212500 0.000000
570 0.307018 0.108772 0.000000
580 0.220690 0.086207 0.000000
590 0.162712 0.047458 0.000000
600 0.146667 0.033333 0.000000
610 0.067213 0.006557 0.000000
620 0.053226 0.006452 0.000000
630 0.017460 0.004762 0.000000
640 0.014063 0.000000 0.000000
650 0.012308 0.000000 0.000000
660 0.003030 0.000000 0.000000
670 0.004478 0.000000 0.000000
680 0.000000 0.000000 0.000000
690 0.000000 0.000000 0.000000
700 0.000000 0.000000 0.000000
710 0.000000 0.000000 0.000000
720 0.000000 0.000000 0.000000
730 0.000000 0.000000 0.000000
740 0.000000 0.000000 0.000000
750 0.000000 0.000000 0.000000
760 0.000000 0.000000 0.000000
770 0.000000 0.000000 0.000000
780 0.000000 0.000000 0.000000
790 0.000000 0.000000 0.000000
800 0.000000 0.000000 0.000000
810 0.000000 0.000000 0.000000
820 0.000000 0.000000 0.000000
830 0.000000 0.000000 0.000000
840 0.000000 0.000000 0.000000
850 0.000000 0.000000 0.000000
860 0.000000 0.000000 0.000000
870 0.000000 0.000000 0.000000
880 0.000000 0.000000 0.000000
890 0.000000 0.000000 0.000000
900 0.000000 0.000000 0.000000
910 0.000000 0.000000 0.000000
920 0.000000 0.000000 0.000000
930 0.000000 0.000000 0.000000
940 0.000000 0.000000 0.000000
950 0.000000 0.000000 0.000000
960 0.000000 0.000000 0.000000
970 0.000000 0.000000 0.000000
980 0.000000 0.000000 0.000000
990 0.000000 0.000000 0.000000
1000 0.000000 0.000000 0.000000
1010 0.000000 0.000000 0.000000
1020 0.000000 0.000000 0.000000
1030 0.000000 0.000000 0.000000
1040 0.000000 0.000000 0.000000
1050 0.000000 0.000000 0.000000
1060 0.000000 0.000000 0.000000
1070 0.000000 0.000000 0.000000
1080 0.000000 0.000000 0.000000
1090 0.000000 0.000000 0.000000
1100 0.000000 0.000000 0.000000
1110 0.000000 0.000000 0.000000
1120 0.000000 0.000000 0.000000
1130 0.000000 0.000000 0.000000
1140 0.000000 0.000000 0.000000
1150 0.000000 0.000000 0.000000
1160 0.000000 0.000000 0.000000
1170 0.000000 0.000000 0.000000
1180 0.000000 0.000000 0.000000
1190 0.000000 0.000000 0.000000
1200 0.000000 0.000000 0.000000
1210 0.000000 0.000000 0.000000
1220 0.000000 0.000000 0.000000
1230 0.000000 0.000000 0.000000
1240 0.000000 0.000000 0.000000
1250 0.000000 0.000000 0.000000
1260 0.000000 0.000000 0.000000
1270 0.000000 0.000000 0.000000
1280 0.000000 0.000000 0.000000
1290 0.000000 0.000000 0.000000
1300 0.000000 0.000000 0.000000
1310 0.000000 0.000000 0.000000
1320 0.000000 0.000000 0.000000
1330 0.000000 0.000000 0.000000
1340 0.000000 0.000000 0.000000
1350 0.000000 0.000000 0.000000
1360 0.000000 0.000000 0.000000
1370 0.000000 0.000000 0.000000
1380 0.000000 0.000000 0.000000
1390 0.000000 0.000000 0.000000
1400 0.000000 0.000000 0.000000
1410 0.000000 0.000000 0.000000
1420 0.000000 0.000000 0.000000
1430 0.000000 0.000000 0.000000
1440 0.000000 0.000000 0.000000
1450 0.000000 0.000000 0.000000
1460 0.000000 0.000000 0.000000
1470 0.000000 0.000000 0.000000
1480 0.000000 0.000000 0.000000
1490 0.000000 0.000000 0.000000
1500 0.000000 0.000000 0.000000
1510 0.000000 0.000000 0.000000
1520 0.000000 0.000000 0.000000
1530 0.000000 0.000000 0.000000
1540 0.000000 0.000000 0.000000
1550 0.000000 0.000000 0.000000
1560 0.000000 0.000000 0.000000
1570 0.000000 0.000000 0.000000
1580 0.000000 0.000000 0.000000
1590 0.000000 0.000000 0.000000
1600 0.000000 0.000000 0.000000
1610 0.000000 0.000000 0.000000
1620 0.000000 0.000000 0.000000
1630 0.000000 0.000000 0.000000
1640 0.000000 0.000000 0.000000
1650 0.000000 0.000000 0.000000
1660 0.000000 0.000000 0.000000
1670 0.000000 0.000000 0.000000
1680 0.000000 0.000000 0.000000
1690 0.000000 0.000000 0.000000
1700 0.000000 0.000000 0.000000
1710 0.000000 0.000000 0.000000
1720 0.000000 0.000000 0.000000
1730 0.000000 0.000000 0.000000
1740 0.000000 0.000000 0.000000
1750 0.000000 0.000000 0.000000
1760 0.000000 0.000000 0.000000
1770 0.000000 0.000000 0.000000
1780 0.000000 0.000000 0.000000
1790 0.000000 0.000000 0.000000
1800 0.000000 0.000000 0.000000
1810 0.000000 0.000000 0.000000
1820 0.000000 0.000000 0.000000
1830 0.000000 0.000000 0.000000
1840 0.000000 0.000000 0.000000
1850 0.000000 0.000000 0.000000
1860 0.000000 0.000000 0.000000
1870 0.000000 0.000000 0.000000
1880 0.000000 0.000000 0.000000
1890 0.000000 0.000000 0.000000
1900 0.000000 0.000000 0.000000
1910 0.000000 0.000000 0.000000
1920 0.000000 0.000000 0.000000
1930 0.000000 0.000000 0.000000
1940 0.000000 0.000000 0.000000
1950 0.000000 0.000000 0.000000
1960 0.000000 0.000000 0.000000
1970 0.000000 0.000000 0.000000
1980 0.000000 0.000000 0.000000
1990 0.000000 0.000000 0.000000
10 1.000000 1.000000 1.000000
20 1.000000 1.000000 1.000000
30 1.000000 1.000000 1.000000
40 1.000000 1.000000 1.000000
50 1.000000 1.000000 1.000000
60 1.000000 1.000000 1.000000
70 1.000000 1.000000 1.000000
80 1.000000 1.000000 1.000000
90 1.000000 1.000000 1.000000
100 1.000000 1.000000 1.000000
110 1.000000 1.000000 1.000000
120 1.000000 1.000000 1.000000
130 1.000000 1.000000 1.000000
140 1.000000 1.000000 1.000000
150 1.000000 1.000000 1.000000
160 1.000000 1.000000 1.000000
170 1.000000 1.000000 1.000000
180 1.000000 1.000000 1.000000
190 1.000000 1.000000 1.000000
200 1.000000 1.000000 1.000000
210 1.000000 1.000000 1.000000
220 1.000000 1.000000 1.000000
230 1.000000 1.000000 1.000000
240 1.000000 1.000000 1.000000
250 1.000000 1.000000 1.000000
260 1.000000 1.000000 1.000000
270 1.000000 1.000000 1.000000
280 1.000000 1.000000 1.000000
290 1.000000 1.000000 0.996552
300 1.000000 1.000000 0.986667
310 1.000000 1.000000 0.938710
320 1.000000 1.000000 0.828125
330 1.000000 0.996970 0.733333
340 1.000000 1.000000 0.617647
350 1.000000 0.994286 0.442857
360 0.994444 0.975000 0.233333
370 0.975676 0.962162 0.127027
380 0.923684 0.865789 0.042105
390 0.915385 0.815385 0.015385
400 0.817500 0.700000 0.002500
410 0.709756 0.539024 0.004878
420 0.609524 0.428571 0.002381
430 0.483721 0.302326 0.000000
440 0.281818 0.150000 0.000000
450 0.220000 0.091111 0.000000
460 0.189130 0.056522 0.000000
470 0.082979 0.019149 0.000000
480 0.064583 0.008333 0.000000
490 0.028571 0.004082 0.000000
500 0.014000 0.002000 0.000000
510 0.005882 0.000000 0.000000
520 0.001923 0.000000 0.000000
530 0.001887 0.000000 0.000000
540 0.003704 0.000000 0.000000
550 0.000000 0.000000 0.000000
560 0.000000 0.000000 0.000000
570 0.000000 0.000000 0.000000
580 0.000000 0.000000 0.000000
590 0.000000 0.000000 0.000000
600 0.000000 0.000000 0.000000
610 0.000000 0.000000 0.000000
620 0.000000 0.000000 0.000000
630 0.000000 0.000000 0.000000
640 0.000000 0.000000 0.000000
650 0.000000 0.000000 0.000000
660 0.000000 0.000000 0.000000
670 0.000000 0.000000 0.000000
680 0.000000 0.000000 0.000000
690 0.000000 0.000000 0.000000
700 0.000000 0.000000 0.000000
710 0.000000 0.000000 0.000000
720 0.000000 0.000000 0.000000
730 0.000000 0.000000 0.000000
740 0.000000 0.000000 0.000000
750 0.000000 0.000000 0.000000
760 0.000000 0.000000 0.000000
770 0.000000 0.000000 0.000000
780 0.000000 0.000000 0.000000
790 0.000000 0.000000 0.000000
800 0.000000 0.000000 0.000000
810 0.000000 0.000000 0.000000
820 0.000000 0.000000 0.000000
830 0.000000 0.000000 0.000000
840 0.000000 0.000000 0.000000
850 0.000000 0.000000 0.000000
860 0.000000 0.000000 0.000000
870 0.000000 0.000000 0.000000
880 0.000000 0.000000 0.000000
890 0.000000 0.000000 0.000000
900 0.000000 0.000000 0.000000
910 0.000000 0.000000 0.000000
920 0.000000 0.000000 0.000000
930 0.000000 0.000000 0.000000
940 0.000000 0.000000 0.000000
950 0.000000 0.000000 0.000000
960 0.000000 0.000000 0.000000
970 0.000000 0.000000 0.000000
980 0.000000 0.000000 0.000000
990 0.000000 0.000000 0.000000
1000 0.000000 0.000000 0.000000
1010 0.000000 0.000000 0.000000
1020 0.000000 0.000000 0.000000
1030 0.000000 0.000000 0.000000
1040 0.000000 0.000000 0.000000
1050 0.000000 0.000000 0.000000
1060 0.000000 0.000000 0.000000
1070 0.000000 0.000000 0.000000
1080 0.000000 0.000000 0.000000
1090 0.000000 0.000000 0.000000
1100 0.000000 0.000000 0.000000
1110 0.000000 0.000000 0.000000
1120 0.000000 0.000000 0.000000
1130 0.000000 0.000000 0.000000
1140 0.000000 0.000000 0.000000
1150 0.000000 0.000000 0.000000
1160 0.000000 0.000000 0.000000
1170 0.000000 0.000000 0.000000
1180 0.000000 0.000000 0.000000
1190 0.000000 0.000000 0.000000
1200 0.000000 0.000000 0.000000
1210 0.000000 0.000000 0.000000
1220 0.000000 0.000000 0.000000
1230 0.000000 0.000000 0.000000
1240 0.000000 0.000000 0.000000
1250 0.000000 0.000000 0.000000
1260 0.000000 0.000000 0.000000
1270 0.000000 0.000000 0.000000
1280 0.000000 0.000000 0.000000
1290 0.000000 0.000000 0.000000
1300 0.000000 0.000000 0.000000
1310 0.000000 0.000000 0.000000
1320 0.000000 0.000000 0.000000
1330 0.000000 0.000000 0.000000
1340 0.000000 0.000000 0.000000
1350 0.000000 0.000000 0.000000
1360 0.000000 0.000000 0.000000
1370 0.000000 0.000000 0.000000
1380 0.000000 0.000000 0.000000
1390 0.000000 0.000000 0.000000
1400 0.000000 0.000000 0.000000
1410 0.000000 0.000000 0.000000
1420 0.000000 0.000000 0.000000
1430 0.000000 0.000000 0.000000
1440 0.000000 0.000000 0.000000
1450 0.000000 0.000000 0.000000
1460 0.000000 0.000000 0.000000
1470 0.000000 0.000000 0.000000
1480 0.000000 0.000000 0.000000
1490 0.000000 0.000000 0.000000
1500 0.000000 0.000000 0.000000
1510 0.000000 0.000000 0.000000
1520 0.000000 0.000000 0.000000
1530 0.000000 0.000000 0.000000
1540 0.000000 0.000000 0.000000
1550 0.000000 0.000000 0.000000
1560 0.000000 0.000000 0.000000
1570 0.000000 0.000000 0.000000
1580 0.000000 0.000000 0.000000
1590 0.000000 0.000000 0.000000
1600 0.000000 0.000000 0.000000
1610 0.000000 0.000000 0.000000
1620 0.000000 0.000000 0.000000
1630 0.000000 0.000000 0.000000
1640 0.000000 0.000000 0.000000
1650 0.000000 0.000000 0.000000
1660 0.000000 0.000000 0.000000
1670 0.000000 0.000000 0.000000
1680 0.000000 0.000000 0.000000
1690 0.000000 0.000000 0.000000
1700 0.000000 0.000000 0.000000
1710 0.000000 0.000000 0.000000
1720 0.000000 0.000000 0.000000
1730 0.000000 0.000000 0.000000
1740 0.000000 0.000000 0.000000
1750 0.000000 0.000000 0.000000
1760 0.000000 0.000000 0.000000
1770 0.000000 0.000000 0.000000
1780 0.000000 0.000000 0.000000
1790 0.000000 0.000000 0.000000
1800 0.000000 0.000000 0.000000
1810 0.000000 0.000000 0.000000
1820 0.000000 0.000000 0.000000
1830 0.000000 0.000000 0.000000
1840 0.000000 0.000000 0.000000
1850 0.000000 0.000000 0.000000
1860 0.000000 0.000000 0.000000
1870 0.000000 0.000000 0.000000
1880 0.000000 0.000000 0.000000
1890 0.000000 0.000000 0.000000
1900 0.000000 0.000000 0.000000
1910 0.000000 0.000000 0.000000
1920 0.000000 0.000000 0.000000
1930 0.000000 0.000000 0.000000
1940 0.000000 0.000000 0.000000
1950 0.000000 0.000000 0.000000
1960 0.000000 0.000000 0.000000
1970 0.000000 0.000000 0.000000
1980 0.000000 0.000000 0.000000
1990 0.000000 0.000000 0.000000
10 1.000000 1.000000 1.000000
20 1.000000 1.000000 1.000000
30 1.000000 1.000000 1.000000
40 1.000000 1.000000 1.000000
50 1.000000 1.000000 1.000000
60 1.000000 1.000000 1.000000
70 1.000000 1.000000 1.000000
80 1.000000 1.000000 1.000000
90 1.000000 1.000000 1.000000
100 1.000000 1.000000 1.000000
110 1.000000 1.000000 1.000000
120 1.000000 1.000000 1.000000
130 1.000000 1.000000 1.000000
140 1.000000 1.000000 1.000000
150 1.000000 1.000000 1.000000
160 1.000000 1.000000 1.000000
170 1.000000 1.000000 1.000000
180 1.000000 1.000000 1.000000
190 1.000000 1.000000 1.000000
200 1.000000 1.000000 1.000000
210 1.000000 1.000000 1.000000
220 1.000000 1.000000 1.000000
230 1.000000 1.000000 0.995652
240 1.000000 1.000000 0.987500
250 1.000000 1.000000 0.844000
260 1.000000 1.000000 0.669231
270 0.996296 0.992593 0.459259
280 0.978571 0.971429 0.242857
290 0.944828 0.913793 0.110345
300 0.830000 0.743333 0.033333
310 0.725806 0.570968 0.016129
320 0.531250 0.421875 0.000000
330 0.378788 0.242424 0.000000
340 0.238235 0.152941 0.000000
350 0.102857 0.048571 0.000000
360 0.050000 0.027778 0.000000
370 0.035135 0.016216 0.000000
380 0.002632 0.000000 0.000000
390 0.012821 0.002564 0.000000
400 0.005000 0.000000 0.000000
410 0.000000 0.000000 0.000000
420 0.002381 0.000000 0.000000
430 0.000000 0.000000 0.000000
440 0.000000 0.000000 0.000000
450 0.000000 0.000000 0.000000
460 0.000000 0.000000 0.000000
470 0.000000 0.000000 0.000000
480 0.000000 0.000000 0.000000
490 0.000000 0.000000 0.000000
500 0.000000 0.000000 0.000000
510 0.000000 0.000000 0.000000
520 0.000000 0.000000 0.000000
530 0.000000 0.000000 0.000000
540 0.000000 0.000000 0.000000
550 0.000000 0.000000 0.000000
560 0.000000 0.000000 0.000000
570 0.000000 0.000000 0.000000
580 0.000000 0.000000 0.000000
590 0.000000 0.000000 0.000000
600 0.000000 0.000000 0.000000
610 0.000000 0.000000 0.000000
620 0.000000 0.000000 0.000000
630 0.000000 0.000000 0.000000
640 0.000000 0.000000 0.000000
650 0.000000 0.000000 0.000000
660 0.000000 0.000000 0.000000
670 0.000000 0.000000 0.000000
680 0.000000 0.000000 0.000000
690 0.000000 0.000000 0.000000
700 0.000000 0.000000 0.000000
710 0.000000 0.000000 0.000000
720 0.000000 0.000000 0.000000
730 0.000000 0.000000 0.000000
740 0.000000 0.000000 0.000000
750 0.000000 0.000000 0.000000
760 0.000000 0.000000 0.000000
770 0.000000 0.000000 0.000000
780 0.000000 0.000000 0.000000
790 0.000000 0.000000 0.000000
800 0.000000 0.000000 0.000000
810 0.000000 0.000000 0.000000
820 0.000000 0.000000 0.000000
830 0.000000 0.000000 0.000000
840 0.000000 0.000000 0.000000
850 0.000000 0.000000 0.000000
860 0.000000 0.000000 0.000000
870 0.000000 0.000000 0.000000
880 0.000000 0.000000 0.000000
890 0.000000 0.000000 0.000000
900 0.000000 0.000000 0.000000
910 0.000000 0.000000 0.000000
920 0.000000 0.000000 0.000000
930 0.000000 0.000000 0.000000
940 0.000000 0.000000 0.000000
950 0.000000 0.000000 0.000000
960 0.000000 0.000000 0.000000
970 0.000000 0.000000 0.000000
980 0.000000 0.000000 0.000000
990 0.000000 0.000000 0.000000
1000 0.000000 0.000000 0.000000
1010 0.000000 0.000000 0.000000
1020 0.000000 0.000000 0.000000
1030 0.000000 0.000000 0.000000
1040 0.000000 0.000000 0.000000
1050 0.000000 0.000000 0.000000
1060 0.000000 0.000000 0.000000
1070 0.000000 0.000000 0.000000
1080 0.000000 0.000000 0.000000
1090 0.000000 0.000000 0.000000
1100 0.000000 0.000000 0.000000
1110 0.000000 0.000000 0.000000
1120 0.000000 0.000000 0.000000
1130 0.000000 0.000000 0.000000
1140 0.000000 0.000000 0.000000
1150 0.000000 0.000000 0.000000
1160 0.000000 0.000000 0.000000
1170 0.000000 0.000000 0.000000
1180 0.000000 0.000000 0.000000
1190 0.000000 0.000000 0.000000
1200 0.000000 0.000000 0.000000
1210 0.000000 0.000000 0.000000
1220 0.000000 0.000000 0.000000
1230 0.000000 0.000000 0.000000
1240 0.000000 0.000000 0.000000
1250 0.000000 0.000000 0.000000
1260 0.000000 0.000000 0.000000
1270 0.000000 0.000000 0.000000
1280 0.000000 0.000000 0.000000
1290 0.000000 0.000000 0.000000
1300 0.000000 0.000000 0.000000
1310 0.000000 0.000000 0.000000
1320 0.000000 0.000000 0.000000
1330 0.000000 0.000000 0.000000
1340 0.000000 0.000000 0.000000
1350 0.000000 0.000000 0.000000
1360 0.000000 0.000000 0.000000
1370 0.000000 0.000000 0.000000
1380 0.000000 0.000000 0.000000
1390 0.000000 0.000000 0.000000
1400 0.000000 0.000000 0.000000
1410 0.000000 0.000000 0.000000
1420 0.000000 0.000000 0.000000
1430 0.000000 0.000000 0.000000
1440 0.000000 0.000000 0.000000
1450 0.000000 0.000000 0.000000
1460 0.000000 0.000000 0.000000
1470 0.000000 0.000000 0.000000
1480 0.000000 0.000000 0.000000
1490 0.000000 0.000000 0.000000
1500 0.000000 0.000000 0.000000
1510 0.000000 0.000000 0.000000
1520 0.000000 0.000000 0.000000
1530 0.000000 0.000000 0.000000
1540 0.000000 0.000000 0.000000
1550 0.000000 0.000000 0.000000
1560 0.000000 0.000000 0.000000
1570 0.000000 0.000000 0.000000
1580 0.000000 0.000000 0.000000
1590 0.000000 0.000000 0.000000
1600 0.000000 0.000000 0.000000
1610 0.000000 0.000000 0.000000
1620 0.000000 0.000000 0.000000
1630 0.000000 0.000000 0.000000
1640 0.000000 0.000000 0.000000
1650 0.000000 0.000000 0.000000
1660 0.000000 0.000000 0.000000
1670 0.000000 0.000000 0.000000
1680 0.000000 0.000000 0.000000
1690 0.000000 0.000000 0.000000
1700 0.000000 0.000000 0.000000
1710 0.000000 0.000000 0.000000
1720 0.000000 0.000000 0.000000
1730 0.000000 0.000000 0.000000
1740 0.000000 0.000000 0.000000
1750 0.000000 0.000000 0.000000
1760 0.000000 0.000000 0.000000
1770 0.000000 0.000000 0.000000
1780 0.000000 0.000000 0.000000
1790 0.000000 0.000000 0.000000
1800 0.000000 0.000000 0.000000
1810 0.000000 0.000000 0.000000
1820 0.000000 0.000000 0.000000
1830 0.000000 0.000000 0.000000
1840 0.000000 0.000000 0.000000
1850 0.000000 0.000000 0.000000
1860 0.000000 0.000000 0.000000
1870 0.000000 0.000000 0.000000
1880 0.000000 0.000000 0.000000
1890 0.000000 0.000000 0.000000
1900 0.000000 0.000000 0.000000
1910 0.000000 0.000000 0.000000
1920 0.000000 0.000000 0.000000
1930 0.000000 0.000000 0.000000
1940 0.000000 0.000000 0.000000
1950 0.000000 0.000000 0.000000
1960 0.000000 0.000000 0.000000
1970 0.000000 0.000000 0.000000
1980 0.000000 0.000000 0.000000
1990 0.000000 0.000000 0.000000
10 1.000000 1.000000 1.000000
20 1.000000 1.000000 1.000000
30 1.000000 1.000000 1.000000
40 1.000000 1.000000 1.000000
50 1.000000 1.000000 1.000000
60 1.000000 1.000000 1.000000
70 1.000000 1.000000 1.000000
80 1.000000 1.000000 1.000000
90 1.000000 1.000000 1.000000
100 1.000000 1.000000 1.000000
110 1.000000 1.000000 1.000000
120 1.000000 1.000000 1.000000
130 1.000000 1.000000 1.000000
140 1.000000 1.000000 1.000000
150 1.000000 1.000000 1.000000
160 1.000000 1.000000 1.000000
170 1.000000 1.000000 1.000000
180 1.000000 1.000000 1.000000
190 1.000000 1.000000 0.926316
200 0.990000 0.985000 0.715000
210 0.980952 0.971429 0.476190
220 0.922727 0.890909 0.159091
230 0.756522 0.682609 0.060870
240 0.529167 0.454167 0.000000
250 0.280000 0.208000 0.000000
260 0.103846 0.061538 0.000000
270 0.070370 0.044444 0.000000
280 0.021429 0.014286 0.000000
290 0.006897 0.003448 0.000000
300 0.000000 0.000000 0.000000
310 0.000000 0.000000 0.000000
320 0.000000 0.000000 0.000000
330 0.000000 0.000000 0.000000
340 0.000000 0.000000 0.000000
350 0.000000 0.000000 0.000000
360 0.000000 0.000000 0.000000
370 0.000000 0.000000 0.000000
380 0.000000 0.000000 0.000000
390 0.000000 0.000000 0.000000
400 0.000000 0.000000 0.000000
410 0.000000 0.000000 0.000000
420 0.000000 0.000000 0.000000
430 0.000000 0.000000 0.000000
440 0.000000 0.000000 0.000000
450 0.000000 0.000000 0.000000
460 0.000000 0.000000 0.000000
470 0.000000 0.000000 0.000000
480 0.000000 0.000000 0.000000
490 0.000000 0.000000 0.000000
500 0.000000 0.000000 0.000000
510 0.000000 0.000000 0.000000
520 0.000000 0.000000 0.000000
530 0.000000 0.000000 0.000000
540 0.000000 0.000000 0.000000
550 0.000000 0.000000 0.000000
560 0.000000 0.000000 0.000000
570 0.000000 0.000000 0.000000
580 0.000000 0.000000 0.000000
590 0.000000 0.000000 0.000000
600 0.000000 0.000000 0.000000
610 0.000000 0.000000 0.000000
620 0.000000 0.000000 0.000000
630 0.000000 0.000000 0.000000
640 0.000000 0.000000 0.000000
650 0.000000 0.000000 0.000000
660 0.000000 0.000000 0.000000
670 0.000000 0.000000 0.000000
680 0.000000 0.000000 0.000000
690 0.000000 0.000000 0.000000
700 0.000000 0.000000 0.000000
710 0.000000 0.000000 0.000000
720 0.000000 0.000000 0.000000
730 0.000000 0.000000 0.000000
740 0.000000 0.000000 0.000000
750 0.000000 0.000000 0.000000
760 0.000000 0.000000 0.000000
770 0.000000 0.000000 0.000000
780 0.000000 0.000000 0.000000
790 0.000000 0.000000 0.000000
800 0.000000 0.000000 0.000000
810 0.000000 0.000000 0.000000
820 0.000000 0.000000 0.000000
830 0.000000 0.000000 0.000000
840 0.000000 0.000000 0.000000
850 0.000000 0.000000 0.000000
860 0.000000 0.000000 0.000000
870 0.000000 0.000000 0.000000
880 0.000000 0.000000 0.000000
890 0.000000 0.000000 0.000000
900 0.000000 0.000000 0.000000
910 0.000000 0.000000 0.000000
920 0.000000 0.000000 0.000000
930 0.000000 0.000000 0.000000
940 0.000000 0.000000 0.000000
950 0.000000 0.000000 0.000000
960 0.000000 0.000000 0.000000
970 0.000000 0.000000 0.000000
980 0.000000 0.000000 0.000000
990 0.000000 0.000000 0.000000
1000 0.000000 0.000000 0.000000
1010 0.000000 0.000000 0.000000
1020 0.000000 0.000000 0.000000
1030 0.000000 0.000000 0.000000
1040 0.000000 0.000000 0.000000
1050 0.000000 0.000000 0.000000
1060 0.000000 0.000000 0.000000
1070 0.000000 0.000000 0.000000
1080 0.000000 0.000000 0.000000
1090 0.000000 0.000000 0.000000
1100 0.000000 0.000000 0.000000
1110 0.000000 0.000000 0.000000
1120 0.000000 0.000000 0.000000
1130 0.000000 0.000000 0.000000
1140 0.000000 0.000000 0.000000
1150 0.000000 0.000000 0.000000
1160 0.000000 0.000000 0.000000
1170 0.000000 0.000000 0.000000
1180 0.000000 0.000000 0.000000
1190 0.000000 0.000000 0.000000
1200 0.000000 0.000000 0.000000
1210 0.000000 0.000000 0.000000
1220 0.000000 0.000000 0.000000
1230 0.000000 0.000000 0.000000
1240 0.000000 0.000000 0.000000
1250 0.000000 0.000000 0.000000
1260 0.000000 0.000000 0.000000
1270 0.000000 0.000000 0.000000
1280 0.000000 0.000000 0.000000
1290 0.000000 0.000000 0.000000
1300 0.000000 0.000000 0.000000
1310 0.000000 0.000000 0.000000
1320 0.000000 0.000000 0.000000
1330 0.000000 0.000000 0.000000
1340 0.000000 0.000000 0.000000
1350 0.000000 0.000000 0.000000
1360 0.000000 0.000000 0.000000
1370 0.000000 0.000000 0.000000
1380 0.000000 0.000000 0.000000
1390 0.000000 0.000000 0.000000
1400 0.000000 0.000000 0.000000
1410 0.000000 0.000000 0.000000
1420 0.000000 0.000000 0.000000
1430 0.000000 0.000000 0.000000
1440 0.000000 0.000000 0.000000
1450 0.000000 0.000000 0.000000
1460 0.000000 0.000000 0.000000
1470 0.000000 0.000000 0.000000
1480 0.000000 0.000000 0.000000
1490 0.000000 0.000000 0.000000
1500 0.000000 0.000000 0.000000
1510 0.000000 0.000000 0.000000
1520 0.000000 0.000000 0.000000
1530 0.000000 0.000000 0.000000
1540 0.000000 0.000000 0.000000
1550 0.000000 0.000000 0.000000
1560 0.000000 0.000000 0.000000
1570 0.000000 0.000000 0.000000
1580 0.000000 0.000000 0.000000
1590 0.000000 0.000000 0.000000
1600 0.000000 0.000000 0.000000
1610 0.000000 0.000000 0.000000
1620 0.000000 0.000000 0.000000
1630 0.000000 0.000000 0.000000
1640 0.000000 0.000000 0.000000
1650 0.000000 0.000000 0.000000
1660 0.000000 0.000000 0.000000
1670 0.000000 0.000000 0.000000
1680 0.000000 0.000000 0.000000
1690 0.000000 0.000000 0.000000
1700 0.000000 0.000000 0.000000
1710 0.000000 0.000000 0.000000
1720 0.000000 0.000000 0.000000
1730 0.000000 0.000000 0.000000
1740 0.000000 0.000000 0.000000
1750 0.000000 0.000000 0.000000
1760 0.000000 0.000000 0.000000
1770 0.000000 0.000000 0.000000
1780 0.000000 0.000000 0.000000
1790 0.000000 0.000000 0.000000
1800 0.000000 0.000000 0.000000
1810 0.000000 0.000000 0.000000
1820 0.000000 0.000000 0.000000
1830 0.000000 0.000000 0.000000
1840 0.000000 0.000000 0.000000
1850 0.000000 0.000000 0.000000
1860 0.000000 0.000000 0.000000
1870 0.000000 0.000000 0.000000
1880 0.000000 0.000000 0.000000
1890 0.000000 0.000000 0.000000
1900 0.000000 0.000000 0.000000
1910 0.000000 0.000000 0.000000
1920 0.000000 0.000000 0.000000
1930 0.000000 0.000000 0.000000
1940 0.000000 0.000000 0.000000
1950 0.000000 0.000000 0.000000
1960 0.000000 0.000000 0.000000
1970 0.000000 0.000000 0.000000
1980 0.000000 0.000000 0.000000
1990 0.000000 0.000000 0.000000
