10 1.000000 1.000000 1.000000
20 1.000000 1.000000 1.000000
30 1.000000 1.000000 1.000000
40 1.000000 1.000000 1.000000
50 1.000000 1.000000 1.000000
60 1.000000 1.000000 1.000000
70 1.000000 1.000000 1.000000
80 1.000000 1.000000 1.000000
90 1.000000 1.000000 1.000000
100 1.000000 1.000000 1.000000
110 1.000000 1.000000 1.000000
120 1.000000 1.000000 1.000000
130 1.000000 1.000000 1.000000
140 1.000000 1.000000 1.000000
150 1.000000 1.000000 1.000000
160 1.000000 1.000000 1.000000
170 1.000000 1.000000 1.000000
180 1.000000 1.000000 1.000000
190 1.000000 1.000000 1.000000
200 1.000000 1.000000 1.000000
210 1.000000 1.000000 1.000000
220 1.000000 1.000000 1.000000
230 1.000000 1.000000 1.000000
240 1.000000 1.000000 1.000000
250 1.000000 1.000000 1.000000
260 1.000000 1.000000 1.000000
270 1.000000 1.000000 1.000000
280 1.000000 1.000000 1.000000
290 1.000000 1.000000 1.000000
300 1.000000 1.000000 1.000000
310 1.000000 1.000000 1.000000
320 1.000000 1.000000 1.000000
330 1.000000 1.000000 1.000000
340 1.000000 1.000000 1.000000
350 1.000000 1.000000 1.000000
360 1.000000 1.000000 1.000000
370 1.000000 1.000000 1.000000
380 1.000000 1.000000 1.000000
390 1.000000 1.000000 1.000000
400 1.000000 1.000000 1.000000
410 1.000000 1.000000 1.000000
420 1.000000 1.000000 1.000000
430 1.000000 1.000000 1.000000
440 1.000000 1.000000 1.000000
450 1.000000 1.000000 1.000000
460 1.000000 1.000000 1.000000
470 1.000000 1.000000 1.000000
480 1.000000 1.000000 1.000000
490 1.000000 1.000000 1.000000
500 1.000000 1.000000 1.000000
510 1.000000 1.000000 1.000000
520 1.000000 1.000000 1.000000
530 1.000000 1.000000 1.000000
540 1.000000 1.000000 1.000000
550 1.000000 1.000000 1.000000
560 1.000000 1.000000 1.000000
570 1.000000 1.000000 1.000000
580 1.000000 1.000000 1.000000
590 1.000000 1.000000 1.000000
600 1.000000 1.000000 1.000000
610 1.000000 1.000000 1.000000
620 1.000000 1.000000 1.000000
630 1.000000 1.000000 1.000000
640 1.000000 1.000000 1.000000
650 1.000000 1.000000 1.000000
660 1.000000 1.000000 1.000000
670 1.000000 1.000000 1.000000
680 1.000000 1.000000 1.000000
690 1.000000 1.000000 1.000000
700 1.000000 1.000000 1.000000
710 1.000000 1.000000 1.000000
720 1.000000 1.000000 1.000000
730 1.000000 1.000000 1.000000
740 1.000000 1.000000 1.000000
750 1.000000 1.000000 1.000000
760 1.000000 1.000000 1.000000
770 1.000000 1.000000 1.000000
780 1.000000 1.000000 1.000000
790 1.000000 1.000000 1.000000
800 1.000000 1.000000 1.000000
810 1.000000 1.000000 1.000000
820 1.000000 1.000000 1.000000
830 1.000000 1.000000 1.000000
840 1.000000 1.000000 1.000000
850 1.000000 1.000000 1.000000
860 1.000000 1.000000 1.000000
870 1.000000 1.000000 1.000000
880 1.000000 1.000000 1.000000
890 1.000000 1.000000 1.000000
900 1.000000 1.000000 1.000000
910 1.000000 1.000000 1.000000
920 1.000000 1.000000 1.000000
930 1.000000 1.000000 1.000000
940 1.000000 1.000000 1.000000
950 1.000000 1.000000 1.000000
960 1.000000 1.000000 1.000000
970 1.000000 1.000000 1.000000
980 1.000000 1.000000 1.000000
990 1.000000 1.000000 1.000000
1000 1.000000 1.000000 1.000000
1010 1.000000 1.000000 1.000000
1020 1.000000 1.000000 1.000000
1030 1.000000 1.000000 1.000000
1040 1.000000 1.000000 1.000000
1050 1.000000 1.000000 1.000000
1060 1.000000 1.000000 1.000000
1070 1.000000 1.000000 1.000000
1080 1.000000 1.000000 1.000000
1090 1.000000 1.000000 1.000000
1100 1.000000 1.000000 1.000000
1110 1.000000 1.000000 1.000000
1120 1.000000 1.000000 1.000000
1130 1.000000 1.000000 1.000000
1140 1.000000 1.000000 1.000000
1150 1.000000 1.000000 1.000000
1160 1.000000 1.000000 0.990000
1170 1.000000 1.000000 1.000000
1180 1.000000 1.000000 1.000000
1190 1.000000 1.000000 1.000000
1200 1.000000 1.000000 1.000000
1210 1.000000 1.000000 1.000000
1220 1.000000 1.000000 1.000000
1230 1.000000 1.000000 1.000000
1240 1.000000 1.000000 1.000000
1250 1.000000 1.000000 1.000000
1260 1.000000 1.000000 1.000000
1270 1.000000 1.000000 1.000000
1280 1.000000 1.000000 0.990000
1290 1.000000 1.000000 0.990000
1300 1.000000 1.000000 1.000000
1310 1.000000 1.000000 0.990000
1320 1.000000 1.000000 1.000000
1330 1.000000 1.000000 0.990000
1340 1.000000 1.000000 0.990000
1350 1.000000 1.000000 0.980000
1360 1.000000 1.000000 0.960000
1370 1.000000 1.000000 0.960000
1380 0.990000 0.990000 0.940000
1390 0.960000 0.960000 0.910000
1400 0.950000 0.940000 0.870000
1410 0.940000 0.940000 0.830000
1420 0.900000 0.880000 0.780000
1430 0.860000 0.860000 0.760000
1440 0.810000 0.800000 0.660000
1450 0.720000 0.710000 0.540000
1460 0.660000 0.650000 0.530000
1470 0.560000 0.530000 0.430000
1480 0.420000 0.410000 0.330000
1490 0.280000 0.280000 0.190000
1500 0.220000 0.210000 0.180000
1510 0.140000 0.130000 0.110000
1520 0.100000 0.100000 0.050000
1530 0.080000 0.080000 0.060000
1540 0.020000 0.020000 0.020000
1550 0.000000 0.000000 0.000000
1560 0.000000 0.000000 0.000000
1570 0.000000 0.000000 0.000000
1580 0.000000 0.000000 0.000000
1590 0.000000 0.000000 0.000000
1600 0.000000 0.000000 0.000000
1610 0.000000 0.000000 0.000000
1620 0.000000 0.000000 0.000000
1630 0.000000 0.000000 0.000000
1640 0.000000 0.000000 0.000000
1650 0.000000 0.000000 0.000000
1660 0.000000 0.000000 0.000000
1670 0.000000 0.000000 0.000000
1680 0.000000 0.000000 0.000000
1690 0.000000 0.000000 0.000000
1700 0.000000 0.000000 0.000000
1710 0.000000 0.000000 0.000000
1720 0.000000 0.000000 0.000000
1730 0.000000 0.000000 0.000000
1740 0.000000 0.000000 0.000000
1750 0.000000 0.000000 0.000000
1760 0.000000 0.000000 0.000000
1770 0.000000 0.000000 0.000000
1780 0.000000 0.000000 0.000000
1790 0.000000 0.000000 0.000000
1800 0.000000 0.000000 0.000000
1810 0.000000 0.000000 0.000000
1820 0.000000 0.000000 0.000000
1830 0.000000 0.000000 0.000000
1840 0.000000 0.000000 0.000000
1850 0.000000 0.000000 0.000000
1860 0.000000 0.000000 0.000000
1870 0.000000 0.000000 0.000000
1880 0.000000 0.000000 0.000000
1890 0.000000 0.000000 0.000000
1900 0.000000 0.000000 0.000000
1910 0.000000 0.000000 0.000000
1920 0.000000 0.000000 0.000000
1930 0.000000 0.000000 0.000000
1940 0.000000 0.000000 0.000000
1950 0.000000 0.000000 0.000000
1960 0.000000 0.000000 0.000000
1970 0.000000 0.000000 0.000000
1980 0.000000 0.000000 0.000000
1990 0.000000 0.000000 0.000000
10 1.000000 1.000000 1.000000
20 1.000000 1.000000 1.000000
30 1.000000 1.000000 1.000000
40 1.000000 1.000000 1.000000
50 1.000000 1.000000 1.000000
60 1.000000 1.000000 1.000000
70 1.000000 1.000000 1.000000
80 1.000000 1.000000 1.000000
90 1.000000 1.000000 1.000000
100 1.000000 1.000000 1.000000
110 1.000000 1.000000 1.000000
120 1.000000 1.000000 1.000000
130 1.000000 1.000000 1.000000
140 1.000000 1.000000 1.000000
150 1.000000 1.000000 1.000000
160 1.000000 1.000000 1.000000
170 1.000000 1.000000 1.000000
180 1.000000 1.000000 1.000000
190 1.000000 1.000000 1.000000
200 1.000000 1.000000 1.000000
210 1.000000 1.000000 1.000000
220 1.000000 1.000000 1.000000
230 1.000000 1.000000 1.000000
240 1.000000 1.000000 1.000000
250 1.000000 1.000000 1.000000
260 1.000000 1.000000 1.000000
270 1.000000 1.000000 1.000000
280 1.000000 1.000000 1.000000
290 1.000000 1.000000 1.000000
300 1.000000 1.000000 1.000000
310 1.000000 1.000000 1.000000
320 1.000000 1.000000 1.000000
330 1.000000 1.000000 1.000000
340 1.000000 1.000000 1.000000
350 1.000000 1.000000 1.000000
360 1.000000 1.000000 1.000000
370 1.000000 1.000000 1.000000
380 1.000000 1.000000 1.000000
390 1.000000 1.000000 1.000000
400 1.000000 1.000000 1.000000
410 1.000000 1.000000 1.000000
420 1.000000 1.000000 1.000000
430 1.000000 1.000000 1.000000
440 1.000000 1.000000 1.000000
450 1.000000 1.000000 1.000000
460 1.000000 1.000000 1.000000
470 1.000000 1.000000 1.000000
480 1.000000 1.000000 1.000000
490 1.000000 1.000000 1.000000
500 1.000000 1.000000 1.000000
510 1.000000 1.000000 1.000000
520 1.000000 1.000000 1.000000
530 1.000000 1.000000 1.000000
540 1.000000 1.000000 1.000000
550 1.000000 1.000000 1.000000
560 1.000000 1.000000 1.000000
570 1.000000 1.000000 1.000000
580 1.000000 1.000000 1.000000
590 1.000000 1.000000 1.000000
600 1.000000 1.000000 1.000000
610 1.000000 1.000000 1.000000
620 1.000000 1.000000 1.000000
630 1.000000 1.000000 1.000000
640 1.000000 1.000000 1.000000
650 1.000000 1.000000 1.000000
660 1.000000 1.000000 1.000000
670 1.000000 1.000000 1.000000
680 1.000000 1.000000 1.000000
690 1.000000 1.000000 1.000000
700 1.000000 1.000000 1.000000
710 1.000000 1.000000 1.000000
720 1.000000 1.000000 1.000000
730 1.000000 1.000000 1.000000
740 1.000000 1.000000 1.000000
750 1.000000 1.000000 1.000000
760 1.000000 1.000000 1.000000
770 1.000000 1.000000 1.000000
780 1.000000 1.000000 1.000000
790 1.000000 1.000000 1.000000
800 1.000000 1.000000 1.000000
810 1.000000 1.000000 1.000000
820 1.000000 1.000000 1.000000
830 1.000000 1.000000 1.000000
840 1.000000 1.000000 1.000000
850 1.000000 1.000000 1.000000
860 1.000000 1.000000 1.000000
870 1.000000 1.000000 1.000000
880 1.000000 1.000000 1.000000
890 1.000000 1.000000 1.000000
900 1.000000 1.000000 1.000000
910 1.000000 1.000000 1.000000
920 1.000000 1.000000 1.000000
930 1.000000 1.000000 1.000000
940 1.000000 1.000000 1.000000
950 1.000000 1.000000 1.000000
960 1.000000 1.000000 1.000000
970 1.000000 1.000000 1.000000
980 1.000000 1.000000 1.000000
990 1.000000 1.000000 1.000000
1000 1.000000 1.000000 0.990000
1010 1.000000 1.000000 0.990000
1020 1.000000 1.000000 0.990000
1030 1.000000 1.000000 0.990000
1040 1.000000 1.000000 0.970000
1050 1.000000 1.000000 0.970000
1060 1.000000 1.000000 0.910000
1070 1.000000 1.000000 0.900000
1080 1.000000 1.000000 0.900000
1090 1.000000 1.000000 0.820000
1100 1.000000 1.000000 0.770000
1110 1.000000 1.000000 0.720000
1120 1.000000 1.000000 0.650000
1130 1.000000 1.000000 0.540000
1140 1.000000 0.980000 0.450000
1150 1.000000 0.980000 0.410000
1160 1.000000 0.980000 0.270000
1170 1.000000 0.980000 0.170000
1180 0.980000 0.880000 0.170000
1190 0.990000 0.850000 0.100000
1200 0.940000 0.850000 0.120000
1210 0.940000 0.760000 0.070000
1220 0.890000 0.710000 0.020000
1230 0.780000 0.580000 0.030000
1240 0.700000 0.430000 0.000000
1250 0.640000 0.340000 0.000000
1260 0.560000 0.260000 0.000000
1270 0.430000 0.200000 0.000000
1280 0.310000 0.170000 0.000000
1290 0.240000 0.090000 0.000000
1300 0.120000 0.030000 0.000000
1310 0.080000 0.010000 0.000000
1320 0.060000 0.020000 0.000000
1330 0.050000 0.010000 0.000000
1340 0.000000 0.000000 0.000000
1350 0.000000 0.000000 0.000000
1360 0.000000 0.000000 0.000000
1370 0.000000 0.000000 0.000000
1380 0.000000 0.000000 0.000000
1390 0.000000 0.000000 0.000000
1400 0.000000 0.000000 0.000000
1410 0.000000 0.000000 0.000000
1420 0.000000 0.000000 0.000000
1430 0.000000 0.000000 0.000000
1440 0.000000 0.000000 0.000000
1450 0.000000 0.000000 0.000000
1460 0.000000 0.000000 0.000000
1470 0.000000 0.000000 0.000000
1480 0.000000 0.000000 0.000000
1490 0.000000 0.000000 0.000000
1500 0.000000 0.000000 0.000000
1510 0.000000 0.000000 0.000000
1520 0.000000 0.000000 0.000000
1530 0.000000 0.000000 0.000000
1540 0.000000 0.000000 0.000000
1550 0.000000 0.000000 0.000000
1560 0.000000 0.000000 0.000000
1570 0.000000 0.000000 0.000000
1580 0.000000 0.000000 0.000000
1590 0.000000 0.000000 0.000000
1600 0.000000 0.000000 0.000000
1610 0.000000 0.000000 0.000000
1620 0.000000 0.000000 0.000000
1630 0.000000 0.000000 0.000000
1640 0.000000 0.000000 0.000000
1650 0.000000 0.000000 0.000000
1660 0.000000 0.000000 0.000000
1670 0.000000 0.000000 0.000000
1680 0.000000 0.000000 0.000000
1690 0.000000 0.000000 0.000000
1700 0.000000 0.000000 0.000000
1710 0.000000 0.000000 0.000000
1720 0.000000 0.000000 0.000000
1730 0.000000 0.000000 0.000000
1740 0.000000 0.000000 0.000000
1750 0.000000 0.000000 0.000000
1760 0.000000 0.000000 0.000000
1770 0.000000 0.000000 0.000000
1780 0.000000 0.000000 0.000000
1790 0.000000 0.000000 0.000000
1800 0.000000 0.000000 0.000000
1810 0.000000 0.000000 0.000000
1820 0.000000 0.000000 0.000000
1830 0.000000 0.000000 0.000000
1840 0.000000 0.000000 0.000000
1850 0.000000 0.000000 0.000000
1860 0.000000 0.000000 0.000000
1870 0.000000 0.000000 0.000000
1880 0.000000 0.000000 0.000000
1890 0.000000 0.000000 0.000000
1900 0.000000 0.000000 0.000000
1910 0.000000 0.000000 0.000000
1920 0.000000 0.000000 0.000000
1930 0.000000 0.000000 0.000000
1940 0.000000 0.000000 0.000000
1950 0.000000 0.000000 0.000000
1960 0.000000 0.000000 0.000000
1970 0.000000 0.000000 0.000000
1980 0.000000 0.000000 0.000000
1990 0.000000 0.000000 0.000000
10 1.000000 1.000000 1.000000
20 1.000000 1.000000 1.000000
30 1.000000 1.000000 1.000000
40 1.000000 1.000000 1.000000
50 1.000000 1.000000 1.000000
60 1.000000 1.000000 1.000000
70 1.000000 1.000000 1.000000
80 1.000000 1.000000 1.000000
90 1.000000 1.000000 1.000000
100 1.000000 1.000000 1.000000
110 1.000000 1.000000 1.000000
120 1.000000 1.000000 1.000000
130 1.000000 1.000000 1.000000
140 1.000000 1.000000 1.000000
150 1.000000 1.000000 1.000000
160 1.000000 1.000000 1.000000
170 1.000000 1.000000 1.000000
180 1.000000 1.000000 1.000000
190 1.000000 1.000000 1.000000
200 1.000000 1.000000 1.000000
210 1.000000 1.000000 1.000000
220 1.000000 1.000000 1.000000
230 1.000000 1.000000 1.000000
240 1.000000 1.000000 1.000000
250 1.000000 1.000000 1.000000
260 1.000000 1.000000 1.000000
270 1.000000 1.000000 1.000000
280 1.000000 1.000000 1.000000
290 1.000000 1.000000 1.000000
300 1.000000 1.000000 1.000000
310 1.000000 1.000000 1.000000
320 1.000000 1.000000 1.000000
330 1.000000 1.000000 1.000000
340 1.000000 1.000000 1.000000
350 1.000000 1.000000 1.000000
360 1.000000 1.000000 1.000000
370 1.000000 1.000000 1.000000
380 1.000000 1.000000 1.000000
390 1.000000 1.000000 1.000000
400 1.000000 1.000000 1.000000
410 1.000000 1.000000 1.000000
420 1.000000 1.000000 1.000000
430 1.000000 1.000000 1.000000
440 1.000000 1.000000 1.000000
450 1.000000 1.000000 1.000000
460 1.000000 1.000000 1.000000
470 1.000000 1.000000 1.000000
480 1.000000 1.000000 1.000000
490 1.000000 1.000000 1.000000
500 1.000000 1.000000 1.000000
510 1.000000 1.000000 1.000000
520 1.000000 1.000000 1.000000
530 1.000000 1.000000 1.000000
540 1.000000 1.000000 1.000000
550 1.000000 1.000000 1.000000
560 1.000000 1.000000 1.000000
570 1.000000 1.000000 1.000000
580 1.000000 1.000000 1.000000
590 1.000000 1.000000 1.000000
600 1.000000 1.000000 1.000000
610 1.000000 1.000000 1.000000
620 1.000000 1.000000 1.000000
630 1.000000 1.000000 1.000000
640 1.000000 1.000000 1.000000
650 1.000000 1.000000 1.000000
660 1.000000 1.000000 1.000000
670 1.000000 1.000000 1.000000
680 1.000000 1.000000 1.000000
690 1.000000 1.000000 1.000000
700 1.000000 1.000000 1.000000
710 1.000000 1.000000 1.000000
720 1.000000 1.000000 1.000000
730 1.000000 1.000000 1.000000
740 1.000000 1.000000 1.000000
750 1.000000 1.000000 1.000000
760 1.000000 1.000000 1.000000
770 1.000000 1.000000 1.000000
780 1.000000 1.000000 1.000000
790 1.000000 1.000000 1.000000
800 1.000000 1.000000 0.990000
810 1.000000 1.000000 0.990000
820 1.000000 1.000000 0.950000
830 1.000000 1.000000 0.920000
840 1.000000 1.000000 0.830000
850 1.000000 1.000000 0.770000
860 1.000000 1.000000 0.730000
870 1.000000 1.000000 0.650000
880 1.000000 1.000000 0.610000
890 1.000000 1.000000 0.500000
900 1.000000 1.000000 0.370000
910 1.000000 1.000000 0.310000
920 1.000000 0.990000 0.220000
930 1.000000 0.980000 0.160000
940 1.000000 0.900000 0.110000
950 1.000000 0.950000 0.080000
960 1.000000 0.930000 0.060000
970 0.980000 0.850000 0.030000
980 0.960000 0.800000 0.020000
990 0.950000 0.710000 0.010000
1000 0.910000 0.580000 0.000000
1010 0.910000 0.540000 0.000000
1020 0.830000 0.420000 0.000000
1030 0.730000 0.370000 0.000000
1040 0.730000 0.290000 0.000000
1050 0.570000 0.180000 0.000000
1060 0.560000 0.120000 0.000000
1070 0.480000 0.100000 0.000000
1080 0.390000 0.080000 0.000000
1090 0.240000 0.070000 0.000000
1100 0.190000 0.030000 0.000000
1110 0.120000 0.030000 0.000000
1120 0.090000 0.030000 0.000000
1130 0.090000 0.010000 0.000000
1140 0.040000 0.000000 0.000000
1150 0.040000 0.000000 0.000000
1160 0.020000 0.000000 0.000000
1170 0.020000 0.000000 0.000000
1180 0.000000 0.000000 0.000000
1190 0.010000 0.000000 0.000000
1200 0.010000 0.000000 0.000000
1210 0.000000 0.000000 0.000000
1220 0.010000 0.000000 0.000000
1230 0.000000 0.000000 0.000000
1240 0.000000 0.000000 0.000000
1250 0.000000 0.000000 0.000000
1260 0.000000 0.000000 0.000000
1270 0.000000 0.000000 0.000000
1280 0.000000 0.000000 0.000000
1290 0.000000 0.000000 0.000000
1300 0.000000 0.000000 0.000000
1310 0.000000 0.000000 0.000000
1320 0.000000 0.000000 0.000000
1330 0.000000 0.000000 0.000000
1340 0.000000 0.000000 0.000000
1350 0.000000 0.000000 0.000000
1360 0.000000 0.000000 0.000000
1370 0.000000 0.000000 0.000000
1380 0.000000 0.000000 0.000000
1390 0.000000 0.000000 0.000000
1400 0.000000 0.000000 0.000000
1410 0.000000 0.000000 0.000000
1420 0.000000 0.000000 0.000000
1430 0.000000 0.000000 0.000000
1440 0.000000 0.000000 0.000000
1450 0.000000 0.000000 0.000000
1460 0.000000 0.000000 0.000000
1470 0.000000 0.000000 0.000000
1480 0.000000 0.000000 0.000000
1490 0.000000 0.000000 0.000000
1500 0.000000 0.000000 0.000000
1510 0.000000 0.000000 0.000000
1520 0.000000 0.000000 0.000000
1530 0.000000 0.000000 0.000000
1540 0.000000 0.000000 0.000000
1550 0.000000 0.000000 0.000000
1560 0.000000 0.000000 0.000000
1570 0.000000 0.000000 0.000000
1580 0.000000 0.000000 0.000000
1590 0.000000 0.000000 0.000000
1600 0.000000 0.000000 0.000000
1610 0.000000 0.000000 0.000000
1620 0.000000 0.000000 0.000000
1630 0.000000 0.000000 0.000000
1640 0.000000 0.000000 0.000000
1650 0.000000 0.000000 0.000000
1660 0.000000 0.000000 0.000000
1670 0.000000 0.000000 0.000000
1680 0.000000 0.000000 0.000000
1690 0.000000 0.000000 0.000000
1700 0.000000 0.000000 0.000000
1710 0.000000 0.000000 0.000000
1720 0.000000 0.000000 0.000000
1730 0.000000 0.000000 0.000000
1740 0.000000 0.000000 0.000000
1750 0.000000 0.000000 0.000000
1760 0.000000 0.000000 0.000000
1770 0.000000 0.000000 0.000000
1780 0.000000 0.000000 0.000000
1790 0.000000 0.000000 0.000000
1800 0.000000 0.000000 0.000000
1810 0.000000 0.000000 0.000000
1820 0.000000 0.000000 0.000000
1830 0.000000 0.000000 0.000000
1840 0.000000 0.000000 0.000000
1850 0.000000 0.000000 0.000000
1860 0.000000 0.000000 0.000000
1870 0.000000 0.000000 0.000000
1880 0.000000 0.000000 0.000000
1890 0.000000 0.000000 0.000000
1900 0.000000 0.000000 0.000000
1910 0.000000 0.000000 0.000000
1920 0.000000 0.000000 0.000000
1930 0.000000 0.000000 0.000000
1940 0.000000 0.000000 0.000000
1950 0.000000 0.000000 0.000000
1960 0.000000 0.000000 0.000000
1970 0.000000 0.000000 0.000000
1980 0.000000 0.000000 0.000000
1990 0.000000 0.000000 0.000000
10 1.000000 1.000000 1.000000
20 1.000000 1.000000 1.000000
30 1.000000 1.000000 1.000000
40 1.000000 1.000000 1.000000
50 1.000000 1.000000 1.000000
60 1.000000 1.000000 1.000000
70 1.000000 1.000000 1.000000
80 1.000000 1.000000 1.000000
90 1.000000 1.000000 1.000000
100 1.000000 1.000000 1.000000
110 1.000000 1.000000 1.000000
120 1.000000 1.000000 1.000000
130 1.000000 1.000000 1.000000
140 1.000000 1.000000 1.000000
150 1.000000 1.000000 1.000000
160 1.000000 1.000000 1.000000
170 1.000000 1.000000 1.000000
180 1.000000 1.000000 1.000000
190 1.000000 1.000000 1.000000
200 1.000000 1.000000 1.000000
210 1.000000 1.000000 1.000000
220 1.000000 1.000000 1.000000
230 1.000000 1.000000 1.000000
240 1.000000 1.000000 1.000000
250 1.000000 1.000000 1.000000
260 1.000000 1.000000 1.000000
270 1.000000 1.000000 1.000000
280 1.000000 1.000000 1.000000
290 1.000000 1.000000 1.000000
300 1.000000 1.000000 1.000000
310 1.000000 1.000000 1.000000
320 1.000000 1.000000 1.000000
330 1.000000 1.000000 1.000000
340 1.000000 1.000000 1.000000
350 1.000000 1.000000 1.000000
360 1.000000 1.000000 1.000000
370 1.000000 1.000000 1.000000
380 1.000000 1.000000 1.000000
390 1.000000 1.000000 1.000000
400 1.000000 1.000000 1.000000
410 1.000000 1.000000 1.000000
420 1.000000 1.000000 1.000000
430 1.000000 1.000000 1.000000
440 1.000000 1.000000 1.000000
450 1.000000 1.000000 1.000000
460 1.000000 1.000000 1.000000
470 1.000000 1.000000 1.000000
480 1.000000 1.000000 1.000000
490 1.000000 1.000000 1.000000
500 1.000000 1.000000 1.000000
510 1.000000 1.000000 1.000000
520 1.000000 1.000000 1.000000
530 1.000000 1.000000 1.000000
540 1.000000 1.000000 1.000000
550 1.000000 1.000000 1.000000
560 1.000000 1.000000 1.000000
570 1.000000 1.000000 1.000000
580 1.000000 1.000000 1.000000
590 1.000000 1.000000 0.990000
600 1.000000 1.000000 0.990000
610 1.000000 1.000000 0.990000
620 1.000000 1.000000 0.990000
630 1.000000 1.000000 0.980000
640 1.000000 1.000000 0.960000
650 1.000000 1.000000 0.960000
660 1.000000 1.000000 0.900000
670 1.000000 1.000000 0.870000
680 1.000000 1.000000 0.770000
690 1.000000 1.000000 0.780000
700 1.000000 1.000000 0.560000
710 1.000000 1.000000 0.420000
720 1.000000 0.990000 0.350000
730 1.000000 1.000000 0.330000
740 1.000000 1.000000 0.280000
750 1.000000 0.980000 0.110000
760 1.000000 0.990000 0.080000
770 1.000000 0.960000 0.070000
780 1.000000 0.920000 0.050000
790 0.980000 0.900000 0.030000
800 0.970000 0.820000 0.010000
810 0.950000 0.720000 0.010000
820 0.920000 0.680000 0.000000
830 0.840000 0.500000 0.000000
840 0.820000 0.460000 0.000000
850 0.670000 0.330000 0.000000
860 0.600000 0.240000 0.000000
870 0.440000 0.150000 0.000000
880 0.410000 0.080000 0.000000
890 0.280000 0.080000 0.000000
900 0.240000 0.040000 0.000000
910 0.190000 0.040000 0.000000
920 0.140000 0.030000 0.000000
930 0.080000 0.010000 0.000000
940 0.070000 0.000000 0.000000
950 0.040000 0.000000 0.000000
960 0.030000 0.000000 0.000000
970 0.000000 0.000000 0.000000
980 0.000000 0.000000 0.000000
990 0.000000 0.000000 0.000000
1000 0.000000 0.000000 0.000000
1010 0.000000 0.000000 0.000000
1020 0.000000 0.000000 0.000000
1030 0.000000 0.000000 0.000000
1040 0.000000 0.000000 0.000000
1050 0.000000 0.000000 0.000000
1060 0.000000 0.000000 0.000000
1070 0.000000 0.000000 0.000000
1080 0.000000 0.000000 0.000000
1090 0.000000 0.000000 0.000000
1100 0.000000 0.000000 0.000000
1110 0.000000 0.000000 0.000000
1120 0.000000 0.000000 0.000000
1130 0.000000 0.000000 0.000000
1140 0.000000 0.000000 0.000000
1150 0.000000 0.000000 0.000000
1160 0.000000 0.000000 0.000000
1170 0.000000 0.000000 0.000000
1180 0.000000 0.000000 0.000000
1190 0.000000 0.000000 0.000000
1200 0.000000 0.000000 0.000000
1210 0.000000 0.000000 0.000000
1220 0.000000 0.000000 0.000000
1230 0.000000 0.000000 0.000000
1240 0.000000 0.000000 0.000000
1250 0.000000 0.000000 0.000000
1260 0.000000 0.000000 0.000000
1270 0.000000 0.000000 0.000000
1280 0.000000 0.000000 0.000000
1290 0.000000 0.000000 0.000000
1300 0.000000 0.000000 0.000000
1310 0.000000 0.000000 0.000000
1320 0.000000 0.000000 0.000000
1330 0.000000 0.000000 0.000000
1340 0.000000 0.000000 0.000000
1350 0.000000 0.000000 0.000000
1360 0.000000 0.000000 0.000000
1370 0.000000 0.000000 0.000000
1380 0.000000 0.000000 0.000000
1390 0.000000 0.000000 0.000000
1400 0.000000 0.000000 0.000000
1410 0.000000 0.000000 0.000000
1420 0.000000 0.000000 0.000000
1430 0.000000 0.000000 0.000000
1440 0.000000 0.000000 0.000000
1450 0.000000 0.000000 0.000000
1460 0.000000 0.000000 0.000000
1470 0.000000 0.000000 0.000000
1480 0.000000 0.000000 0.000000
1490 0.000000 0.000000 0.000000
1500 0.000000 0.000000 0.000000
1510 0.000000 0.000000 0.000000
1520 0.000000 0.000000 0.000000
1530 0.000000 0.000000 0.000000
1540 0.000000 0.000000 0.000000
1550 0.000000 0.000000 0.000000
1560 0.000000 0.000000 0.000000
1570 0.000000 0.000000 0.000000
1580 0.000000 0.000000 0.000000
1590 0.000000 0.000000 0.000000
1600 0.000000 0.000000 0.000000
1610 0.000000 0.000000 0.000000
1620 0.000000 0.000000 0.000000
1630 0.000000 0.000000 0.000000
1640 0.000000 0.000000 0.000000
1650 0.000000 0.000000 0.000000
1660 0.000000 0.000000 0.000000
1670 0.000000 0.000000 0.000000
1680 0.000000 0.000000 0.000000
1690 0.000000 0.000000 0.000000
1700 0.000000 0.000000 0.000000
1710 0.000000 0.000000 0.000000
1720 0.000000 0.000000 0.000000
1730 0.000000 0.000000 0.000000
1740 0.000000 0.000000 0.000000
1750 0.000000 0.000000 0.000000
1760 0.000000 0.000000 0.000000
1770 0.000000 0.000000 0.000000
1780 0.000000 0.000000 0.000000
1790 0.000000 0.000000 0.000000
1800 0.000000 0.000000 0.000000
1810 0.000000 0.000000 0.000000
1820 0.000000 0.000000 0.000000
1830 0.000000 0.000000 0.000000
1840 0.000000 0.000000 0.000000
1850 0.000000 0.000000 0.000000
1860 0.000000 0.000000 0.000000
1870 0.000000 0.000000 0.000000
1880 0.000000 0.000000 0.000000
1890 0.000000 0.000000 0.000000
1900 0.000000 0.000000 0.000000
1910 0.000000 0.000000 0.000000
1920 0.000000 0.000000 0.000000
1930 0.000000 0.000000 0.000000
1940 0.000000 0.000000 0.000000
1950 0.000000 0.000000 0.000000
1960 0.000000 0.000000 0.000000
1970 0.000000 0.000000 0.000000
1980 0.000000 0.000000 0.000000
1990 0.000000 0.000000 0.000000
10 1.000000 1.000000 1.000000
20 1.000000 1.000000 1.000000
30 1.000000 1.000000 1.000000
40 1.000000 1.000000 1.000000
50 1.000000 1.000000 1.000000
60 1.000000 1.000000 1.000000
70 1.000000 1.000000 1.000000
80 1.000000 1.000000 1.000000
90 1.000000 1.000000 1.000000
100 1.000000 1.000000 1.000000
110 1.000000 1.000000 1.000000
120 1.000000 1.000000 1.000000
130 1.000000 1.000000 1.000000
140 1.000000 1.000000 1.000000
150 1.000000 1.000000 1.000000
160 1.000000 1.000000 1.000000
170 1.000000 1.000000 1.000000
180 1.000000 1.000000 1.000000
190 1.000000 1.000000 1.000000
200 1.000000 1.000000 1.000000
210 1.000000 1.000000 1.000000
220 1.000000 1.000000 1.000000
230 1.000000 1.000000 1.000000
240 1.000000 1.000000 1.000000
250 1.000000 1.000000 1.000000
260 1.000000 1.000000 1.000000
270 1.000000 1.000000 1.000000
280 1.000000 1.000000 1.000000
290 1.000000 1.000000 1.000000
300 1.000000 1.000000 1.000000
310 1.000000 1.000000 1.000000
320 1.000000 1.000000 1.000000
330 1.000000 1.000000 1.000000
340 1.000000 1.000000 1.000000
350 1.000000 1.000000 1.000000
360 1.000000 1.000000 1.000000
370 1.000000 1.000000 1.000000
380 1.000000 1.000000 1.000000
390 1.000000 1.000000 1.000000
400 1.000000 1.000000 1.000000
410 1.000000 1.000000 1.000000
420 1.000000 1.000000 1.000000
430 1.000000 1.000000 1.000000
440 1.000000 1.000000 1.000000
450 1.000000 1.000000 1.000000
460 1.000000 1.000000 1.000000
470 1.000000 1.000000 1.000000
480 1.000000 1.000000 1.000000
490 1.000000 1.000000 0.970000
500 1.000000 1.000000 0.910000
510 1.000000 1.000000 0.900000
520 1.000000 1.000000 0.830000
530 1.000000 1.000000 0.740000
540 1.000000 1.000000 0.590000
550 1.000000 1.000000 0.420000
560 1.000000 0.990000 0.300000
570 1.000000 0.990000 0.270000
580 1.000000 0.990000 0.190000
590 1.000000 0.990000 0.140000
600 0.990000 0.940000 0.070000
610 0.990000 0.920000 0.040000
620 0.960000 0.860000 0.040000
630 0.940000 0.800000 0.020000
640 0.870000 0.730000 0.020000
650 0.850000 0.620000 0.000000
660 0.730000 0.480000 0.000000
670 0.700000 0.410000 0.000000
680 0.610000 0.290000 0.000000
690 0.480000 0.180000 0.000000
700 0.410000 0.170000 0.000000
710 0.300000 0.100000 0.000000
720 0.210000 0.060000 0.000000
730 0.200000 0.050000 0.000000
740 0.110000 0.030000 0.000000
750 0.090000 0.010000 0.000000
760 0.080000 0.010000 0.000000
770 0.030000 0.010000 0.000000
780 0.040000 0.000000 0.000000
790 0.030000 0.000000 0.000000
800 0.030000 0.000000 0.000000
810 0.020000 0.000000 0.000000
820 0.000000 0.000000 0.000000
830 0.000000 0.000000 0.000000
840 0.000000 0.000000 0.000000
850 0.000000 0.000000 0.000000
860 0.000000 0.000000 0.000000
870 0.000000 0.000000 0.000000
880 0.000000 0.000000 0.000000
890 0.000000 0.000000 0.000000
900 0.000000 0.000000 0.000000
910 0.000000 0.000000 0.000000
920 0.000000 0.000000 0.000000
930 0.000000 0.000000 0.000000
940 0.000000 0.000000 0.000000
950 0.000000 0.000000 0.000000
960 0.000000 0.000000 0.000000
970 0.000000 0.000000 0.000000
980 0.000000 0.000000 0.000000
990 0.000000 0.000000 0.000000
1000 0.000000 0.000000 0.000000
1010 0.000000 0.000000 0.000000
1020 0.000000 0.000000 0.000000
1030 0.000000 0.000000 0.000000
1040 0.000000 0.000000 0.000000
1050 0.000000 0.000000 0.000000
1060 0.000000 0.000000 0.000000
1070 0.000000 0.000000 0.000000
1080 0.000000 0.000000 0.000000
1090 0.000000 0.000000 0.000000
1100 0.000000 0.000000 0.000000
1110 0.000000 0.000000 0.000000
1120 0.000000 0.000000 0.000000
1130 0.000000 0.000000 0.000000
1140 0.000000 0.000000 0.000000
1150 0.000000 0.000000 0.000000
1160 0.000000 0.000000 0.000000
1170 0.000000 0.000000 0.000000
1180 0.000000 0.000000 0.000000
1190 0.000000 0.000000 0.000000
1200 0.000000 0.000000 0.000000
1210 0.000000 0.000000 0.000000
1220 0.000000 0.000000 0.000000
1230 0.000000 0.000000 0.000000
1240 0.000000 0.000000 0.000000
1250 0.000000 0.000000 0.000000
1260 0.000000 0.000000 0.000000
1270 0.000000 0.000000 0.000000
1280 0.000000 0.000000 0.000000
1290 0.000000 0.000000 0.000000
1300 0.000000 0.000000 0.000000
1310 0.000000 0.000000 0.000000
1320 0.000000 0.000000 0.000000
1330 0.000000 0.000000 0.000000
1340 0.000000 0.000000 0.000000
1350 0.000000 0.000000 0.000000
1360 0.000000 0.000000 0.000000
1370 0.000000 0.000000 0.000000
1380 0.000000 0.000000 0.000000
1390 0.000000 0.000000 0.000000
1400 0.000000 0.000000 0.000000
1410 0.000000 0.000000 0.000000
1420 0.000000 0.000000 0.000000
1430 0.000000 0.000000 0.000000
1440 0.000000 0.000000 0.000000
1450 0.000000 0.000000 0.000000
1460 0.000000 0.000000 0.000000
1470 0.000000 0.000000 0.000000
1480 0.000000 0.000000 0.000000
1490 0.000000 0.000000 0.000000
1500 0.000000 0.000000 0.000000
1510 0.000000 0.000000 0.000000
1520 0.000000 0.000000 0.000000
1530 0.000000 0.000000 0.000000
1540 0.000000 0.000000 0.000000
1550 0.000000 0.000000 0.000000
1560 0.000000 0.000000 0.000000
1570 0.000000 0.000000 0.000000
1580 0.000000 0.000000 0.000000
1590 0.000000 0.000000 0.000000
1600 0.000000 0.000000 0.000000
1610 0.000000 0.000000 0.000000
1620 0.000000 0.000000 0.000000
1630 0.000000 0.000000 0.000000
1640 0.000000 0.000000 0.000000
1650 0.000000 0.000000 0.000000
1660 0.000000 0.000000 0.000000
1670 0.000000 0.000000 0.000000
1680 0.000000 0.000000 0.000000
1690 0.000000 0.000000 0.000000
1700 0.000000 0.000000 0.000000
1710 0.000000 0.000000 0.000000
1720 0.000000 0.000000 0.000000
1730 0.000000 0.000000 0.000000
1740 0.000000 0.000000 0.000000
1750 0.000000 0.000000 0.000000
1760 0.000000 0.000000 0.000000
1770 0.000000 0.000000 0.000000
1780 0.000000 0.000000 0.000000
1790 0.000000 0.000000 0.000000
1800 0.000000 0.000000 0.000000
1810 0.000000 0.000000 0.000000
1820 0.000000 0.000000 0.000000
1830 0.000000 0.000000 0.000000
1840 0.000000 0.000000 0.000000
1850 0.000000 0.000000 0.000000
1860 0.000000 0.000000 0.000000
1870 0.000000 0.000000 0.000000
1880 0.000000 0.000000 0.000000
1890 0.000000 0.000000 0.000000
1900 0.000000 0.000000 0.000000
1910 0.000000 0.000000 0.000000
1920 0.000000 0.000000 0.000000
1930 0.000000 0.000000 0.000000
1940 0.000000 0.000000 0.000000
1950 0.000000 0.000000 0.000000
1960 0.000000 0.000000 0.000000
1970 0.000000 0.000000 0.000000
1980 0.000000 0.000000 0.000000
1990 0.000000 0.000000 0.000000
10 1.000000 1.000000 1.000000
20 1.000000 1.000000 1.000000
30 1.000000 1.000000 1.000000
40 1.000000 1.000000 1.000000
50 1.000000 1.000000 1.000000
60 1.000000 1.000000 1.000000
70 1.000000 1.000000 1.000000
80 1.000000 1.000000 1.000000
90 1.000000 1.000000 1.000000
100 1.000000 1.000000 1.000000
110 1.000000 1.000000 1.000000
120 1.000000 1.000000 1.000000
130 1.000000 1.000000 1.000000
140 1.000000 1.000000 1.000000
150 1.000000 1.000000 1.000000
160 1.000000 1.000000 1.000000
170 1.000000 1.000000 1.000000
180 1.000000 1.000000 1.000000
190 1.000000 1.000000 1.000000
200 1.000000 1.000000 1.000000
210 1.000000 1.000000 1.000000
220 1.000000 1.000000 1.000000
230 1.000000 1.000000 1.000000
240 1.000000 1.000000 1.000000
250 1.000000 1.000000 1.000000
260 1.000000 1.000000 1.000000
270 1.000000 1.000000 1.000000
280 1.000000 1.000000 1.000000
290 1.000000 1.000000 1.000000
300 1.000000 1.000000 1.000000
310 1.000000 1.000000 1.000000
320 1.000000 1.000000 1.000000
330 1.000000 1.000000 1.000000
340 1.000000 1.000000 1.000000
350 1.000000 1.000000 1.000000
360 1.000000 1.000000 1.000000
370 1.000000 1.000000 1.000000
380 1.000000 1.000000 1.000000
390 1.000000 1.000000 0.980000
400 1.000000 1.000000 0.940000
410 1.000000 1.000000 0.890000
420 1.000000 1.000000 0.750000
430 1.000000 1.000000 0.620000
440 1.000000 1.000000 0.500000
450 1.000000 1.000000 0.360000
460 1.000000 0.990000 0.230000
470 1.000000 0.980000 0.090000
480 0.970000 0.910000 0.050000
490 0.910000 0.870000 0.040000
500 0.880000 0.820000 0.020000
510 0.850000 0.710000 0.010000
520 0.710000 0.610000 0.020000
530 0.680000 0.470000 0.000000
540 0.570000 0.400000 0.000000
550 0.510000 0.300000 0.000000
560 0.380000 0.280000 0.000000
570 0.340000 0.190000 0.000000
580 0.230000 0.080000 0.000000
590 0.170000 0.040000 0.000000
600 0.090000 0.040000 0.000000
610 0.070000 0.040000 0.000000
620 0.080000 0.020000 0.000000
630 0.030000 0.020000 0.000000
640 0.030000 0.000000 0.000000
650 0.000000 0.000000 0.000000
660 0.000000 0.000000 0.000000
670 0.000000 0.000000 0.000000
680 0.000000 0.000000 0.000000
690 0.000000 0.000000 0.000000
700 0.000000 0.000000 0.000000
710 0.000000 0.000000 0.000000
720 0.000000 0.000000 0.000000
730 0.000000 0.000000 0.000000
740 0.000000 0.000000 0.000000
750 0.000000 0.000000 0.000000
760 0.000000 0.000000 0.000000
770 0.000000 0.000000 0.000000
780 0.000000 0.000000 0.000000
790 0.000000 0.000000 0.000000
800 0.000000 0.000000 0.000000
810 0.000000 0.000000 0.000000
820 0.000000 0.000000 0.000000
830 0.000000 0.000000 0.000000
840 0.000000 0.000000 0.000000
850 0.000000 0.000000 0.000000
860 0.000000 0.000000 0.000000
870 0.000000 0.000000 0.000000
880 0.000000 0.000000 0.000000
890 0.000000 0.000000 0.000000
900 0.000000 0.000000 0.000000
910 0.000000 0.000000 0.000000
920 0.000000 0.000000 0.000000
930 0.000000 0.000000 0.000000
940 0.000000 0.000000 0.000000
950 0.000000 0.000000 0.000000
960 0.000000 0.000000 0.000000
970 0.000000 0.000000 0.000000
980 0.000000 0.000000 0.000000
990 0.000000 0.000000 0.000000
1000 0.000000 0.000000 0.000000
1010 0.000000 0.000000 0.000000
1020 0.000000 0.000000 0.000000
1030 0.000000 0.000000 0.000000
1040 0.000000 0.000000 0.000000
1050 0.000000 0.000000 0.000000
1060 0.000000 0.000000 0.000000
1070 0.000000 0.000000 0.000000
1080 0.000000 0.000000 0.000000
1090 0.000000 0.000000 0.000000
1100 0.000000 0.000000 0.000000
1110 0.000000 0.000000 0.000000
1120 0.000000 0.000000 0.000000
1130 0.000000 0.000000 0.000000
1140 0.000000 0.000000 0.000000
1150 0.000000 0.000000 0.000000
1160 0.000000 0.000000 0.000000
1170 0.000000 0.000000 0.000000
1180 0.000000 0.000000 0.000000
1190 0.000000 0.000000 0.000000
1200 0.000000 0.000000 0.000000
1210 0.000000 0.000000 0.000000
1220 0.000000 0.000000 0.000000
1230 0.000000 0.000000 0.000000
1240 0.000000 0.000000 0.000000
1250 0.000000 0.000000 0.000000
1260 0.000000 0.000000 0.000000
1270 0.000000 0.000000 0.000000
1280 0.000000 0.000000 0.000000
1290 0.000000 0.000000 0.000000
1300 0.000000 0.000000 0.000000
1310 0.000000 0.000000 0.000000
1320 0.000000 0.000000 0.000000
1330 0.000000 0.000000 0.000000
1340 0.000000 0.000000 0.000000
1350 0.000000 0.000000 0.000000
1360 0.000000 0.000000 0.000000
1370 0.000000 0.000000 0.000000
1380 0.000000 0.000000 0.000000
1390 0.000000 0.000000 0.000000
1400 0.000000 0.000000 0.000000
1410 0.000000 0.000000 0.000000
1420 0.000000 0.000000 0.000000
1430 0.000000 0.000000 0.000000
1440 0.000000 0.000000 0.000000
1450 0.000000 0.000000 0.000000
1460 0.000000 0.000000 0.000000
1470 0.000000 0.000000 0.000000
1480 0.000000 0.000000 0.000000
1490 0.000000 0.000000 0.000000
1500 0.000000 0.000000 0.000000
1510 0.000000 0.000000 0.000000
1520 0.000000 0.000000 0.000000
1530 0.000000 0.000000 0.000000
1540 0.000000 0.000000 0.000000
1550 0.000000 0.000000 0.000000
1560 0.000000 0.000000 0.000000
1570 0.000000 0.000000 0.000000
1580 0.000000 0.000000 0.000000
1590 0.000000 0.000000 0.000000
1600 0.000000 0.000000 0.000000
1610 0.000000 0.000000 0.000000
1620 0.000000 0.000000 0.000000
1630 0.000000 0.000000 0.000000
1640 0.000000 0.000000 0.000000
1650 0.000000 0.000000 0.000000
1660 0.000000 0.000000 0.000000
1670 0.000000 0.000000 0.000000
1680 0.000000 0.000000 0.000000
1690 0.000000 0.000000 0.000000
1700 0.000000 0.000000 0.000000
1710 0.000000 0.000000 0.000000
1720 0.000000 0.000000 0.000000
1730 0.000000 0.000000 0.000000
1740 0.000000 0.000000 0.000000
1750 0.000000 0.000000 0.000000
1760 0.000000 0.000000 0.000000
1770 0.000000 0.000000 0.000000
1780 0.000000 0.000000 0.000000
1790 0.000000 0.000000 0.000000
1800 0.000000 0.000000 0.000000
1810 0.000000 0.000000 0.000000
1820 0.000000 0.000000 0.000000
1830 0.000000 0.000000 0.000000
1840 0.000000 0.000000 0.000000
1850 0.000000 0.000000 0.000000
1860 0.000000 0.000000 0.000000
1870 0.000000 0.000000 0.000000
1880 0.000000 0.000000 0.000000
1890 0.000000 0.000000 0.000000
1900 0.000000 0.000000 0.000000
1910 0.000000 0.000000 0.000000
1920 0.000000 0.000000 0.000000
1930 0.000000 0.000000 0.000000
1940 0.000000 0.000000 0.000000
1950 0.000000 0.000000 0.000000
1960 0.000000 0.000000 0.000000
1970 0.000000 0.000000 0.000000
1980 0.000000 0.000000 0.000000
1990 0.000000 0.000000 0.000000
10 1.000000 1.000000 1.000000
20 1.000000 1.000000 1.000000
30 1.000000 1.000000 1.000000
40 1.000000 1.000000 1.000000
50 1.000000 1.000000 1.000000
60 1.000000 1.000000 1.000000
70 1.000000 1.000000 1.000000
80 1.000000 1.000000 1.000000
90 1.000000 1.000000 1.000000
100 1.000000 1.000000 1.000000
110 1.000000 1.000000 1.000000
120 1.000000 1.000000 1.000000
130 1.000000 1.000000 1.000000
140 1.000000 1.000000 1.000000
150 1.000000 1.000000 1.000000
160 1.000000 1.000000 1.000000
170 1.000000 1.000000 1.000000
180 1.000000 1.000000 1.000000
190 1.000000 1.000000 1.000000
200 1.000000 1.000000 1.000000
210 1.000000 1.000000 1.000000
220 1.000000 1.000000 1.000000
230 1.000000 1.000000 1.000000
240 1.000000 1.000000 1.000000
250 1.000000 1.000000 1.000000
260 1.000000 1.000000 1.000000
270 1.000000 1.000000 1.000000
280 1.000000 1.000000 0.990000
290 1.000000 1.000000 1.000000
300 1.000000 1.000000 0.990000
310 1.000000 1.000000 0.970000
320 1.000000 1.000000 0.900000
330 1.000000 1.000000 0.710000
340 0.990000 0.990000 0.620000
350 0.990000 0.980000 0.350000
360 0.950000 0.940000 0.190000
370 0.950000 0.930000 0.100000
380 0.930000 0.880000 0.040000
390 0.780000 0.750000 0.040000
400 0.710000 0.630000 0.020000
410 0.560000 0.450000 0.000000
420 0.470000 0.350000 0.000000
430 0.320000 0.210000 0.000000
440 0.220000 0.140000 0.000000
450 0.200000 0.130000 0.000000
460 0.120000 0.060000 0.000000
470 0.050000 0.050000 0.000000
480 0.050000 0.030000 0.000000
490 0.030000 0.020000 0.000000
500 0.010000 0.000000 0.000000
510 0.000000 0.000000 0.000000
520 0.000000 0.000000 0.000000
530 0.000000 0.000000 0.000000
540 0.000000 0.000000 0.000000
550 0.000000 0.000000 0.000000
560 0.000000 0.000000 0.000000
570 0.000000 0.000000 0.000000
580 0.000000 0.000000 0.000000
590 0.000000 0.000000 0.000000
600 0.000000 0.000000 0.000000
610 0.000000 0.000000 0.000000
620 0.000000 0.000000 0.000000
630 0.000000 0.000000 0.000000
640 0.000000 0.000000 0.000000
650 0.000000 0.000000 0.000000
660 0.000000 0.000000 0.000000
670 0.000000 0.000000 0.000000
680 0.000000 0.000000 0.000000
690 0.000000 0.000000 0.000000
700 0.000000 0.000000 0.000000
710 0.000000 0.000000 0.000000
720 0.000000 0.000000 0.000000
730 0.000000 0.000000 0.000000
740 0.000000 0.000000 0.000000
750 0.000000 0.000000 0.000000
760 0.000000 0.000000 0.000000
770 0.000000 0.000000 0.000000
780 0.000000 0.000000 0.000000
790 0.000000 0.000000 0.000000
800 0.000000 0.000000 0.000000
810 0.000000 0.000000 0.000000
820 0.000000 0.000000 0.000000
830 0.000000 0.000000 0.000000
840 0.000000 0.000000 0.000000
850 0.000000 0.000000 0.000000
860 0.000000 0.000000 0.000000
870 0.000000 0.000000 0.000000
880 0.000000 0.000000 0.000000
890 0.000000 0.000000 0.000000
900 0.000000 0.000000 0.000000
910 0.000000 0.000000 0.000000
920 0.000000 0.000000 0.000000
930 0.000000 0.000000 0.000000
940 0.000000 0.000000 0.000000
950 0.000000 0.000000 0.000000
960 0.000000 0.000000 0.000000
970 0.000000 0.000000 0.000000
980 0.000000 0.000000 0.000000
990 0.000000 0.000000 0.000000
1000 0.000000 0.000000 0.000000
1010 0.000000 0.000000 0.000000
1020 0.000000 0.000000 0.000000
1030 0.000000 0.000000 0.000000
1040 0.000000 0.000000 0.000000
1050 0.000000 0.000000 0.000000
1060 0.000000 0.000000 0.000000
1070 0.000000 0.000000 0.000000
1080 0.000000 0.000000 0.000000
1090 0.000000 0.000000 0.000000
1100 0.000000 0.000000 0.000000
1110 0.000000 0.000000 0.000000
1120 0.000000 0.000000 0.000000
1130 0.000000 0.000000 0.000000
1140 0.000000 0.000000 0.000000
1150 0.000000 0.000000 0.000000
1160 0.000000 0.000000 0.000000
1170 0.000000 0.000000 0.000000
1180 0.000000 0.000000 0.000000
1190 0.000000 0.000000 0.000000
1200 0.000000 0.000000 0.000000
1210 0.000000 0.000000 0.000000
1220 0.000000 0.000000 0.000000
1230 0.000000 0.000000 0.000000
1240 0.000000 0.000000 0.000000
1250 0.000000 0.000000 0.000000
1260 0.000000 0.000000 0.000000
1270 0.000000 0.000000 0.000000
1280 0.000000 0.000000 0.000000
1290 0.000000 0.000000 0.000000
1300 0.000000 0.000000 0.000000
1310 0.000000 0.000000 0.000000
1320 0.000000 0.000000 0.000000
1330 0.000000 0.000000 0.000000
1340 0.000000 0.000000 0.000000
1350 0.000000 0.000000 0.000000
1360 0.000000 0.000000 0.000000
1370 0.000000 0.000000 0.000000
1380 0.000000 0.000000 0.000000
1390 0.000000 0.000000 0.000000
1400 0.000000 0.000000 0.000000
1410 0.000000 0.000000 0.000000
1420 0.000000 0.000000 0.000000
1430 0.000000 0.000000 0.000000
1440 0.000000 0.000000 0.000000
1450 0.000000 0.000000 0.000000
1460 0.000000 0.000000 0.000000
1470 0.000000 0.000000 0.000000
1480 0.000000 0.000000 0.000000
1490 0.000000 0.000000 0.000000
1500 0.000000 0.000000 0.000000
1510 0.000000 0.000000 0.000000
1520 0.000000 0.000000 0.000000
1530 0.000000 0.000000 0.000000
1540 0.000000 0.000000 0.000000
1550 0.000000 0.000000 0.000000
1560 0.000000 0.000000 0.000000
1570 0.000000 0.000000 0.000000
1580 0.000000 0.000000 0.000000
1590 0.000000 0.000000 0.000000
1600 0.000000 0.000000 0.000000
1610 0.000000 0.000000 0.000000
1620 0.000000 0.000000 0.000000
1630 0.000000 0.000000 0.000000
1640 0.000000 0.000000 0.000000
1650 0.000000 0.000000 0.000000
1660 0.000000 0.000000 0.000000
1670 0.000000 0.000000 0.000000
1680 0.000000 0.000000 0.000000
1690 0.000000 0.000000 0.000000
1700 0.000000 0.000000 0.000000
1710 0.000000 0.000000 0.000000
1720 0.000000 0.000000 0.000000
1730 0.000000 0.000000 0.000000
1740 0.000000 0.000000 0.000000
1750 0.000000 0.000000 0.000000
1760 0.000000 0.000000 0.000000
1770 0.000000 0.000000 0.000000
1780 0.000000 0.000000 0.000000
1790 0.000000 0.000000 0.000000
1800 0.000000 0.000000 0.000000
1810 0.000000 0.000000 0.000000
1820 0.000000 0.000000 0.000000
1830 0.000000 0.000000 0.000000
1840 0.000000 0.000000 0.000000
1850 0.000000 0.000000 0.000000
1860 0.000000 0.000000 0.000000
1870 0.000000 0.000000 0.000000
1880 0.000000 0.000000 0.000000
1890 0.000000 0.000000 0.000000
1900 0.000000 0.000000 0.000000
1910 0.000000 0.000000 0.000000
1920 0.000000 0.000000 0.000000
1930 0.000000 0.000000 0.000000
1940 0.000000 0.000000 0.000000
1950 0.000000 0.000000 0.000000
1960 0.000000 0.000000 0.000000
1970 0.000000 0.000000 0.000000
1980 0.000000 0.000000 0.000000
1990 0.000000 0.000000 0.000000
10 1.000000 1.000000 1.000000
20 1.000000 1.000000 1.000000
30 1.000000 1.000000 1.000000
40 1.000000 1.000000 1.000000
50 1.000000 1.000000 1.000000
60 1.000000 1.000000 1.000000
70 1.000000 1.000000 1.000000
80 1.000000 1.000000 1.000000
90 1.000000 1.000000 1.000000
100 1.000000 1.000000 1.000000
110 1.000000 1.000000 1.000000
120 1.000000 1.000000 1.000000
130 1.000000 1.000000 1.000000
140 1.000000 1.000000 1.000000
150 1.000000 1.000000 1.000000
160 1.000000 1.000000 1.000000
170 1.000000 1.000000 1.000000
180 1.000000 1.000000 1.000000
190 1.000000 1.000000 1.000000
200 1.000000 1.000000 1.000000
210 1.000000 1.000000 1.000000
220 1.000000 1.000000 1.000000
230 1.000000 1.000000 0.990000
240 1.000000 1.000000 0.980000
250 1.000000 1.000000 0.910000
260 0.980000 0.980000 0.750000
270 0.990000 0.990000 0.460000
280 0.980000 0.960000 0.270000
290 0.900000 0.850000 0.120000
300 0.800000 0.730000 0.020000
310 0.610000 0.530000 0.000000
320 0.470000 0.410000 0.000000
330 0.290000 0.230000 0.000000
340 0.180000 0.120000 0.000000
350 0.120000 0.090000 0.000000
360 0.060000 0.040000 0.000000
370 0.010000 0.010000 0.000000
380 0.010000 0.010000 0.000000
390 0.000000 0.000000 0.000000
400 0.000000 0.000000 0.000000
410 0.000000 0.000000 0.000000
420 0.000000 0.000000 0.000000
430 0.000000 0.000000 0.000000
440 0.000000 0.000000 0.000000
450 0.000000 0.000000 0.000000
460 0.000000 0.000000 0.000000
470 0.000000 0.000000 0.000000
480 0.000000 0.000000 0.000000
490 0.000000 0.000000 0.000000
500 0.000000 0.000000 0.000000
510 0.000000 0.000000 0.000000
520 0.000000 0.000000 0.000000
530 0.000000 0.000000 0.000000
540 0.000000 0.000000 0.000000
550 0.000000 0.000000 0.000000
560 0.000000 0.000000 0.000000
570 0.000000 0.000000 0.000000
580 0.000000 0.000000 0.000000
590 0.000000 0.000000 0.000000
600 0.000000 0.000000 0.000000
610 0.000000 0.000000 0.000000
620 0.000000 0.000000 0.000000
630 0.000000 0.000000 0.000000
640 0.000000 0.000000 0.000000
650 0.000000 0.000000 0.000000
660 0.000000 0.000000 0.000000
670 0.000000 0.000000 0.000000
680 0.000000 0.000000 0.000000
690 0.000000 0.000000 0.000000
700 0.000000 0.000000 0.000000
710 0.000000 0.000000 0.000000
720 0.000000 0.000000 0.000000
730 0.000000 0.000000 0.000000
740 0.000000 0.000000 0.000000
750 0.000000 0.000000 0.000000
760 0.000000 0.000000 0.000000
770 0.000000 0.000000 0.000000
780 0.000000 0.000000 0.000000
790 0.000000 0.000000 0.000000
800 0.000000 0.000000 0.000000
810 0.000000 0.000000 0.000000
820 0.000000 0.000000 0.000000
830 0.000000 0.000000 0.000000
840 0.000000 0.000000 0.000000
850 0.000000 0.000000 0.000000
860 0.000000 0.000000 0.000000
870 0.000000 0.000000 0.000000
880 0.000000 0.000000 0.000000
890 0.000000 0.000000 0.000000
900 0.000000 0.000000 0.000000
910 0.000000 0.000000 0.000000
920 0.000000 0.000000 0.000000
930 0.000000 0.000000 0.000000
940 0.000000 0.000000 0.000000
950 0.000000 0.000000 0.000000
960 0.000000 0.000000 0.000000
970 0.000000 0.000000 0.000000
980 0.000000 0.000000 0.000000
990 0.000000 0.000000 0.000000
1000 0.000000 0.000000 0.000000
1010 0.000000 0.000000 0.000000
1020 0.000000 0.000000 0.000000
1030 0.000000 0.000000 0.000000
1040 0.000000 0.000000 0.000000
1050 0.000000 0.000000 0.000000
1060 0.000000 0.000000 0.000000
1070 0.000000 0.000000 0.000000
1080 0.000000 0.000000 0.000000
1090 0.000000 0.000000 0.000000
1100 0.000000 0.000000 0.000000
1110 0.000000 0.000000 0.000000
1120 0.000000 0.000000 0.000000
1130 0.000000 0.000000 0.000000
1140 0.000000 0.000000 0.000000
1150 0.000000 0.000000 0.000000
1160 0.000000 0.000000 0.000000
1170 0.000000 0.000000 0.000000
1180 0.000000 0.000000 0.000000
1190 0.000000 0.000000 0.000000
1200 0.000000 0.000000 0.000000
1210 0.000000 0.000000 0.000000
1220 0.000000 0.000000 0.000000
1230 0.000000 0.000000 0.000000
1240 0.000000 0.000000 0.000000
1250 0.000000 0.000000 0.000000
1260 0.000000 0.000000 0.000000
1270 0.000000 0.000000 0.000000
1280 0.000000 0.000000 0.000000
1290 0.000000 0.000000 0.000000
1300 0.000000 0.000000 0.000000
1310 0.000000 0.000000 0.000000
1320 0.000000 0.000000 0.000000
1330 0.000000 0.000000 0.000000
1340 0.000000 0.000000 0.000000
1350 0.000000 0.000000 0.000000
1360 0.000000 0.000000 0.000000
1370 0.000000 0.000000 0.000000
1380 0.000000 0.000000 0.000000
1390 0.000000 0.000000 0.000000
1400 0.000000 0.000000 0.000000
1410 0.000000 0.000000 0.000000
1420 0.000000 0.000000 0.000000
1430 0.000000 0.000000 0.000000
1440 0.000000 0.000000 0.000000
1450 0.000000 0.000000 0.000000
1460 0.000000 0.000000 0.000000
1470 0.000000 0.000000 0.000000
1480 0.000000 0.000000 0.000000
1490 0.000000 0.000000 0.000000
1500 0.000000 0.000000 0.000000
1510 0.000000 0.000000 0.000000
1520 0.000000 0.000000 0.000000
1530 0.000000 0.000000 0.000000
1540 0.000000 0.000000 0.000000
1550 0.000000 0.000000 0.000000
1560 0.000000 0.000000 0.000000
1570 0.000000 0.000000 0.000000
1580 0.000000 0.000000 0.000000
1590 0.000000 0.000000 0.000000
1600 0.000000 0.000000 0.000000
1610 0.000000 0.000000 0.000000
1620 0.000000 0.000000 0.000000
1630 0.000000 0.000000 0.000000
1640 0.000000 0.000000 0.000000
1650 0.000000 0.000000 0.000000
1660 0.000000 0.000000 0.000000
1670 0.000000 0.000000 0.000000
1680 0.000000 0.000000 0.000000
1690 0.000000 0.000000 0.000000
1700 0.000000 0.000000 0.000000
1710 0.000000 0.000000 0.000000
1720 0.000000 0.000000 0.000000
1730 0.000000 0.000000 0.000000
1740 0.000000 0.000000 0.000000
1750 0.000000 0.000000 0.000000
1760 0.000000 0.000000 0.000000
1770 0.000000 0.000000 0.000000
1780 0.000000 0.000000 0.000000
1790 0.000000 0.000000 0.000000
1800 0.000000 0.000000 0.000000
1810 0.000000 0.000000 0.000000
1820 0.000000 0.000000 0.000000
1830 0.000000 0.000000 0.000000
1840 0.000000 0.000000 0.000000
1850 0.000000 0.000000 0.000000
1860 0.000000 0.000000 0.000000
1870 0.000000 0.000000 0.000000
1880 0.000000 0.000000 0.000000
1890 0.000000 0.000000 0.000000
1900 0.000000 0.000000 0.000000
1910 0.000000 0.000000 0.000000
1920 0.000000 0.000000 0.000000
1930 0.000000 0.000000 0.000000
1940 0.000000 0.000000 0.000000
1950 0.000000 0.000000 0.000000
1960 0.000000 0.000000 0.000000
1970 0.000000 0.000000 0.000000
1980 0.000000 0.000000 0.000000
1990 0.000000 0.000000 0.000000
10 1.000000 1.000000 1.000000
20 1.000000 1.000000 1.000000
30 1.000000 1.000000 1.000000
40 1.000000 1.000000 1.000000
50 1.000000 1.000000 1.000000
60 1.000000 1.000000 1.000000
70 1.000000 1.000000 1.000000
80 1.000000 1.000000 1.000000
90 1.000000 1.000000 1.000000
100 1.000000 1.000000 1.000000
110 1.000000 1.000000 1.000000
120 1.000000 1.000000 1.000000
130 1.000000 1.000000 1.000000
140 1.000000 1.000000 1.000000
150 1.000000 1.000000 1.000000
160 1.000000 1.000000 1.000000
170 1.000000 1.000000 1.000000
180 1.000000 1.000000 1.000000
190 1.000000 1.000000 0.920000
200 0.990000 0.990000 0.700000
210 0.960000 0.960000 0.380000
220 0.820000 0.800000 0.210000
230 0.720000 0.680000 0.050000
240 0.460000 0.430000 0.000000
250 0.250000 0.240000 0.000000
260 0.060000 0.040000 0.000000
270 0.020000 0.020000 0.000000
280 0.030000 0.020000 0.000000
290 0.010000 0.010000 0.000000
300 0.010000 0.010000 0.000000
310 0.000000 0.000000 0.000000
320 0.000000 0.000000 0.000000
330 0.000000 0.000000 0.000000
340 0.000000 0.000000 0.000000
350 0.000000 0.000000 0.000000
360 0.000000 0.000000 0.000000
370 0.000000 0.000000 0.000000
380 0.000000 0.000000 0.000000
390 0.000000 0.000000 0.000000
400 0.000000 0.000000 0.000000
410 0.000000 0.000000 0.000000
420 0.000000 0.000000 0.000000
430 0.000000 0.000000 0.000000
440 0.000000 0.000000 0.000000
450 0.000000 0.000000 0.000000
460 0.000000 0.000000 0.000000
470 0.000000 0.000000 0.000000
480 0.000000 0.000000 0.000000
490 0.000000 0.000000 0.000000
500 0.000000 0.000000 0.000000
510 0.000000 0.000000 0.000000
520 0.000000 0.000000 0.000000
530 0.000000 0.000000 0.000000
540 0.000000 0.000000 0.000000
550 0.000000 0.000000 0.000000
560 0.000000 0.000000 0.000000
570 0.000000 0.000000 0.000000
580 0.000000 0.000000 0.000000
590 0.000000 0.000000 0.000000
600 0.000000 0.000000 0.000000
610 0.000000 0.000000 0.000000
620 0.000000 0.000000 0.000000
630 0.000000 0.000000 0.000000
640 0.000000 0.000000 0.000000
650 0.000000 0.000000 0.000000
660 0.000000 0.000000 0.000000
670 0.000000 0.000000 0.000000
680 0.000000 0.000000 0.000000
690 0.000000 0.000000 0.000000
700 0.000000 0.000000 0.000000
710 0.000000 0.000000 0.000000
720 0.000000 0.000000 0.000000
730 0.000000 0.000000 0.000000
740 0.000000 0.000000 0.000000
750 0.000000 0.000000 0.000000
760 0.000000 0.000000 0.000000
770 0.000000 0.000000 0.000000
780 0.000000 0.000000 0.000000
790 0.000000 0.000000 0.000000
800 0.000000 0.000000 0.000000
810 0.000000 0.000000 0.000000
820 0.000000 0.000000 0.000000
830 0.000000 0.000000 0.000000
840 0.000000 0.000000 0.000000
850 0.000000 0.000000 0.000000
860 0.000000 0.000000 0.000000
870 0.000000 0.000000 0.000000
880 0.000000 0.000000 0.000000
890 0.000000 0.000000 0.000000
900 0.000000 0.000000 0.000000
910 0.000000 0.000000 0.000000
920 0.000000 0.000000 0.000000
930 0.000000 0.000000 0.000000
940 0.000000 0.000000 0.000000
950 0.000000 0.000000 0.000000
960 0.000000 0.000000 0.000000
970 0.000000 0.000000 0.000000
980 0.000000 0.000000 0.000000
990 0.000000 0.000000 0.000000
1000 0.000000 0.000000 0.000000
1010 0.000000 0.000000 0.000000
1020 0.000000 0.000000 0.000000
1030 0.000000 0.000000 0.000000
1040 0.000000 0.000000 0.000000
1050 0.000000 0.000000 0.000000
1060 0.000000 0.000000 0.000000
1070 0.000000 0.000000 0.000000
1080 0.000000 0.000000 0.000000
1090 0.000000 0.000000 0.000000
1100 0.000000 0.000000 0.000000
1110 0.000000 0.000000 0.000000
1120 0.000000 0.000000 0.000000
1130 0.000000 0.000000 0.000000
1140 0.000000 0.000000 0.000000
1150 0.000000 0.000000 0.000000
1160 0.000000 0.000000 0.000000
1170 0.000000 0.000000 0.000000
1180 0.000000 0.000000 0.000000
1190 0.000000 0.000000 0.000000
1200 0.000000 0.000000 0.000000
1210 0.000000 0.000000 0.000000
1220 0.000000 0.000000 0.000000
1230 0.000000 0.000000 0.000000
1240 0.000000 0.000000 0.000000
1250 0.000000 0.000000 0.000000
1260 0.000000 0.000000 0.000000
1270 0.000000 0.000000 0.000000
1280 0.000000 0.000000 0.000000
1290 0.000000 0.000000 0.000000
1300 0.000000 0.000000 0.000000
1310 0.000000 0.000000 0.000000
1320 0.000000 0.000000 0.000000
1330 0.000000 0.000000 0.000000
1340 0.000000 0.000000 0.000000
1350 0.000000 0.000000 0.000000
1360 0.000000 0.000000 0.000000
1370 0.000000 0.000000 0.000000
1380 0.000000 0.000000 0.000000
1390 0.000000 0.000000 0.000000
1400 0.000000 0.000000 0.000000
1410 0.000000 0.000000 0.000000
1420 0.000000 0.000000 0.000000
1430 0.000000 0.000000 0.000000
1440 0.000000 0.000000 0.000000
1450 0.000000 0.000000 0.000000
1460 0.000000 0.000000 0.000000
1470 0.000000 0.000000 0.000000
1480 0.000000 0.000000 0.000000
1490 0.000000 0.000000 0.000000
1500 0.000000 0.000000 0.000000
1510 0.000000 0.000000 0.000000
1520 0.000000 0.000000 0.000000
1530 0.000000 0.000000 0.000000
1540 0.000000 0.000000 0.000000
1550 0.000000 0.000000 0.000000
1560 0.000000 0.000000 0.000000
1570 0.000000 0.000000 0.000000
1580 0.000000 0.000000 0.000000
1590 0.000000 0.000000 0.000000
1600 0.000000 0.000000 0.000000
1610 0.000000 0.000000 0.000000
1620 0.000000 0.000000 0.000000
1630 0.000000 0.000000 0.000000
1640 0.000000 0.000000 0.000000
1650 0.000000 0.000000 0.000000
1660 0.000000 0.000000 0.000000
1670 0.000000 0.000000 0.000000
1680 0.000000 0.000000 0.000000
1690 0.000000 0.000000 0.000000
1700 0.000000 0.000000 0.000000
1710 0.000000 0.000000 0.000000
1720 0.000000 0.000000 0.000000
1730 0.000000 0.000000 0.000000
1740 0.000000 0.000000 0.000000
1750 0.000000 0.000000 0.000000
1760 0.000000 0.000000 0.000000
1770 0.000000 0.000000 0.000000
1780 0.000000 0.000000 0.000000
1790 0.000000 0.000000 0.000000
1800 0.000000 0.000000 0.000000
1810 0.000000 0.000000 0.000000
1820 0.000000 0.000000 0.000000
1830 0.000000 0.000000 0.000000
1840 0.000000 0.000000 0.000000
1850 0.000000 0.000000 0.000000
1860 0.000000 0.000000 0.000000
1870 0.000000 0.000000 0.000000
1880 0.000000 0.000000 0.000000
1890 0.000000 0.000000 0.000000
1900 0.000000 0.000000 0.000000
1910 0.000000 0.000000 0.000000
1920 0.000000 0.000000 0.000000
1930 0.000000 0.000000 0.000000
1940 0.000000 0.000000 0.000000
1950 0.000000 0.000000 0.000000
1960 0.000000 0.000000 0.000000
1970 0.000000 0.000000 0.000000
1980 0.000000 0.000000 0.000000
1990 0.000000 0.000000 0.000000
