10 1.000000 1.000000 1.000000
20 1.000000 1.000000 1.000000
30 1.000000 1.000000 1.000000
40 1.000000 1.000000 1.000000
50 1.000000 1.000000 1.000000
60 1.000000 1.000000 1.000000
70 1.000000 1.000000 1.000000
80 1.000000 1.000000 1.000000
90 1.000000 1.000000 1.000000
100 1.000000 1.000000 1.000000
110 1.000000 1.000000 1.000000
120 1.000000 1.000000 1.000000
130 1.000000 1.000000 1.000000
140 1.000000 1.000000 1.000000
150 1.000000 1.000000 1.000000
160 1.000000 1.000000 1.000000
170 1.000000 1.000000 1.000000
180 1.000000 1.000000 1.000000
190 1.000000 1.000000 1.000000
200 1.000000 1.000000 1.000000
210 1.000000 1.000000 1.000000
220 1.000000 1.000000 1.000000
230 1.000000 1.000000 1.000000
240 1.000000 1.000000 1.000000
250 1.000000 1.000000 1.000000
260 1.000000 1.000000 1.000000
270 1.000000 1.000000 1.000000
280 1.000000 1.000000 1.000000
290 1.000000 1.000000 1.000000
300 1.000000 1.000000 1.000000
310 1.000000 1.000000 1.000000
320 1.000000 1.000000 1.000000
330 1.000000 1.000000 1.000000
340 1.000000 1.000000 1.000000
350 1.000000 1.000000 1.000000
360 1.000000 1.000000 1.000000
370 1.000000 1.000000 1.000000
380 1.000000 1.000000 1.000000
390 1.000000 1.000000 1.000000
400 1.000000 1.000000 1.000000
410 1.000000 1.000000 1.000000
420 1.000000 1.000000 1.000000
430 1.000000 1.000000 1.000000
440 1.000000 1.000000 1.000000
450 1.000000 1.000000 1.000000
460 1.000000 1.000000 1.000000
470 1.000000 1.000000 1.000000
480 1.000000 1.000000 1.000000
490 1.000000 1.000000 1.000000
500 1.000000 1.000000 1.000000
510 1.000000 1.000000 1.000000
520 1.000000 1.000000 1.000000
530 1.000000 1.000000 1.000000
540 1.000000 1.000000 1.000000
550 1.000000 1.000000 1.000000
560 1.000000 1.000000 1.000000
570 1.000000 1.000000 1.000000
580 1.000000 1.000000 1.000000
590 1.000000 1.000000 1.000000
600 1.000000 1.000000 1.000000
610 1.000000 1.000000 1.000000
620 1.000000 1.000000 1.000000
630 1.000000 1.000000 1.000000
640 1.000000 1.000000 1.000000
650 1.000000 1.000000 1.000000
660 1.000000 1.000000 1.000000
670 1.000000 1.000000 1.000000
680 1.000000 1.000000 1.000000
690 1.000000 1.000000 1.000000
700 1.000000 1.000000 1.000000
710 1.000000 1.000000 1.000000
720 1.000000 1.000000 1.000000
730 1.000000 1.000000 1.000000
740 1.000000 1.000000 1.000000
750 1.000000 1.000000 1.000000
760 1.000000 1.000000 1.000000
770 1.000000 1.000000 1.000000
780 1.000000 1.000000 1.000000
790 1.000000 1.000000 1.000000
800 1.000000 1.000000 1.000000
810 1.000000 1.000000 1.000000
820 1.000000 1.000000 1.000000
830 1.000000 1.000000 1.000000
840 1.000000 1.000000 1.000000
850 1.000000 1.000000 1.000000
860 1.000000 1.000000 1.000000
870 1.000000 1.000000 1.000000
880 1.000000 1.000000 1.000000
890 1.000000 1.000000 1.000000
900 1.000000 1.000000 1.000000
910 1.000000 1.000000 1.000000
920 1.000000 1.000000 1.000000
930 1.000000 1.000000 1.000000
940 1.000000 1.000000 1.000000
950 1.000000 1.000000 1.000000
960 1.000000 1.000000 1.000000
970 1.000000 1.000000 1.000000
980 1.000000 1.000000 1.000000
990 1.000000 1.000000 1.000000
1000 1.000000 1.000000 1.000000
1010 1.000000 1.000000 0.999010
1020 1.000000 1.000000 1.000000
1030 1.000000 1.000000 1.000000
1040 1.000000 1.000000 1.000000
1050 1.000000 1.000000 1.000000
1060 1.000000 1.000000 1.000000
1070 1.000000 1.000000 1.000000
1080 1.000000 1.000000 1.000000
1090 1.000000 1.000000 1.000000
1100 1.000000 1.000000 0.999091
1110 1.000000 1.000000 1.000000
1120 1.000000 1.000000 0.999107
1130 1.000000 1.000000 0.999115
1140 1.000000 1.000000 1.000000
1150 1.000000 1.000000 0.999130
1160 1.000000 1.000000 0.997414
1170 1.000000 1.000000 0.998291
1180 1.000000 1.000000 1.000000
1190 1.000000 1.000000 1.000000
1200 1.000000 1.000000 0.998333
1210 1.000000 1.000000 0.999174
1220 1.000000 1.000000 1.000000
1230 1.000000 1.000000 0.997561
1240 1.000000 1.000000 0.999194
1250 1.000000 1.000000 0.999200
1260 1.000000 1.000000 0.998413
1270 1.000000 1.000000 0.997638
1280 1.000000 1.000000 0.998437
1290 1.000000 1.000000 0.993023
1300 1.000000 1.000000 0.996154
1310 1.000000 1.000000 0.991603
1320 1.000000 0.999242 0.989394
1330 0.999248 0.999248 0.987218
1340 1.000000 1.000000 0.983582
1350 1.000000 0.999259 0.976296
1360 0.999265 0.996324 0.968382
1370 0.998540 0.995620 0.947445
1380 0.998551 0.997101 0.951449
1390 0.997122 0.993525 0.933813
1400 0.976429 0.965714 0.866429
1410 0.985106 0.969504 0.860284
1420 0.968310 0.950000 0.808451
1430 0.948951 0.918182 0.739161
1440 0.915278 0.874306 0.659028
1450 0.877931 0.842069 0.615862
1460 0.858904 0.802055 0.568493
1470 0.763265 0.692517 0.436054
1480 0.719595 0.652703 0.414189
1490 0.662416 0.587248 0.357718
1500 0.554667 0.479333 0.265333
1510 0.515894 0.453642 0.225166
1520 0.402632 0.340789 0.158553
1530 0.249673 0.212418 0.086928
1540 0.303896 0.253247 0.101299
1550 0.240000 0.192903 0.060645
1560 0.183974 0.151282 0.054487
1570 0.098726 0.078344 0.026752
1580 0.048734 0.031646 0.012658
1590 0.081132 0.054717 0.013208
1600 0.030000 0.019375 0.004375
1610 0.028571 0.020497 0.004969
1620 0.019136 0.011728 0.003086
1630 0.006135 0.004294 0.000000
1640 0.010366 0.004878 0.000610
1650 0.002424 0.001212 0.000000
1660 0.001807 0.001807 0.000000
1670 0.002395 0.001796 0.000599
1680 0.002381 0.000595 0.000000
1690 0.000000 0.000000 0.000000
1700 0.001176 0.000588 0.000000
1710 0.000000 0.000000 0.000000
1720 0.000000 0.000000 0.000000
1730 0.000000 0.000000 0.000000
1740 0.000000 0.000000 0.000000
1750 0.000000 0.000000 0.000000
1760 0.000000 0.000000 0.000000
1770 0.000000 0.000000 0.000000
1780 0.000000 0.000000 0.000000
1790 0.000000 0.000000 0.000000
1800 0.000000 0.000000 0.000000
1810 0.000000 0.000000 0.000000
1820 0.000000 0.000000 0.000000
1830 0.000000 0.000000 0.000000
1840 0.000000 0.000000 0.000000
1850 0.000000 0.000000 0.000000
1860 0.000000 0.000000 0.000000
1870 0.000000 0.000000 0.000000
1880 0.000000 0.000000 0.000000
1890 0.000000 0.000000 0.000000
1900 0.000000 0.000000 0.000000
1910 0.000000 0.000000 0.000000
1920 0.000000 0.000000 0.000000
1930 0.000000 0.000000 0.000000
1940 0.000000 0.000000 0.000000
1950 0.000000 0.000000 0.000000
1960 0.000000 0.000000 0.000000
1970 0.000000 0.000000 0.000000
1980 0.000000 0.000000 0.000000
1990 0.000000 0.000000 0.000000
10 1.000000 1.000000 1.000000
20 1.000000 1.000000 1.000000
30 1.000000 1.000000 1.000000
40 1.000000 1.000000 1.000000
50 1.000000 1.000000 1.000000
60 1.000000 1.000000 1.000000
70 1.000000 1.000000 1.000000
80 1.000000 1.000000 1.000000
90 1.000000 1.000000 1.000000
100 1.000000 1.000000 1.000000
110 1.000000 1.000000 1.000000
120 1.000000 1.000000 1.000000
130 1.000000 1.000000 1.000000
140 1.000000 1.000000 1.000000
150 1.000000 1.000000 1.000000
160 1.000000 1.000000 1.000000
170 1.000000 1.000000 1.000000
180 1.000000 1.000000 1.000000
190 1.000000 1.000000 1.000000
200 1.000000 1.000000 1.000000
210 1.000000 1.000000 1.000000
220 1.000000 1.000000 1.000000
230 1.000000 1.000000 1.000000
240 1.000000 1.000000 1.000000
250 1.000000 1.000000 1.000000
260 1.000000 1.000000 1.000000
270 1.000000 1.000000 1.000000
280 1.000000 1.000000 1.000000
290 1.000000 1.000000 1.000000
300 1.000000 1.000000 1.000000
310 1.000000 1.000000 1.000000
320 1.000000 1.000000 1.000000
330 1.000000 1.000000 1.000000
340 1.000000 1.000000 1.000000
350 1.000000 1.000000 1.000000
360 1.000000 1.000000 1.000000
370 1.000000 1.000000 1.000000
380 1.000000 1.000000 1.000000
390 1.000000 1.000000 1.000000
400 1.000000 1.000000 1.000000
410 1.000000 1.000000 1.000000
420 1.000000 1.000000 1.000000
430 1.000000 1.000000 1.000000
440 1.000000 1.000000 1.000000
450 1.000000 1.000000 1.000000
460 1.000000 1.000000 1.000000
470 1.000000 1.000000 1.000000
480 1.000000 1.000000 1.000000
490 1.000000 1.000000 1.000000
500 1.000000 1.000000 1.000000
510 1.000000 1.000000 1.000000
520 1.000000 1.000000 1.000000
530 1.000000 1.000000 1.000000
540 1.000000 1.000000 1.000000
550 1.000000 1.000000 1.000000
560 1.000000 1.000000 1.000000
570 1.000000 1.000000 1.000000
580 1.000000 1.000000 1.000000
590 1.000000 1.000000 1.000000
600 1.000000 1.000000 1.000000
610 1.000000 1.000000 1.000000
620 1.000000 1.000000 1.000000
630 1.000000 1.000000 1.000000
640 1.000000 1.000000 1.000000
650 1.000000 1.000000 1.000000
660 1.000000 1.000000 1.000000
670 1.000000 1.000000 1.000000
680 1.000000 1.000000 1.000000
690 1.000000 1.000000 1.000000
700 1.000000 1.000000 1.000000
710 1.000000 1.000000 1.000000
720 1.000000 1.000000 1.000000
730 1.000000 1.000000 1.000000
740 1.000000 1.000000 1.000000
750 1.000000 1.000000 1.000000
760 1.000000 1.000000 1.000000
770 1.000000 1.000000 1.000000
780 1.000000 1.000000 1.000000
790 1.000000 1.000000 1.000000
800 1.000000 1.000000 1.000000
810 1.000000 1.000000 1.000000
820 1.000000 1.000000 1.000000
830 1.000000 1.000000 1.000000
840 1.000000 1.000000 1.000000
850 1.000000 1.000000 1.000000
860 1.000000 1.000000 1.000000
870 1.000000 1.000000 1.000000
880 1.000000 1.000000 1.000000
890 1.000000 1.000000 1.000000
900 1.000000 1.000000 1.000000
910 1.000000 1.000000 1.000000
920 1.000000 1.000000 1.000000
930 1.000000 1.000000 1.000000
940 1.000000 1.000000 1.000000
950 1.000000 1.000000 1.000000
960 1.000000 1.000000 1.000000
970 1.000000 1.000000 1.000000
980 1.000000 1.000000 1.000000
990 1.000000 1.000000 0.998990
1000 1.000000 1.000000 0.997000
1010 1.000000 1.000000 0.995050
1020 1.000000 1.000000 0.990196
1030 1.000000 1.000000 0.986408
1040 1.000000 1.000000 0.976923
1050 1.000000 1.000000 0.960000
1060 1.000000 1.000000 0.946226
1070 1.000000 1.000000 0.917757
1080 1.000000 1.000000 0.909259
1090 1.000000 1.000000 0.845872
1100 1.000000 0.999091 0.793636
1110 1.000000 1.000000 0.705405
1120 1.000000 0.998214 0.618750
1130 0.999115 0.996460 0.527434
1140 1.000000 0.992982 0.438596
1150 0.999130 0.988696 0.384348
1160 0.997414 0.972414 0.287069
1170 0.999145 0.963248 0.220513
1180 0.994068 0.941525 0.177966
1190 0.990756 0.900840 0.121008
1200 0.981667 0.836667 0.074167
1210 0.971901 0.793388 0.042975
1220 0.944262 0.706557 0.027049
1230 0.917886 0.657724 0.021951
1240 0.782258 0.454032 0.010484
1250 0.804800 0.460800 0.005600
1260 0.743651 0.380952 0.003175
1270 0.628346 0.280315 0.003150
1280 0.487500 0.181250 0.000781
1290 0.377519 0.134109 0.000000
1300 0.266154 0.084615 0.000000
1310 0.205344 0.064122 0.000000
1320 0.092424 0.025758 0.000000
1330 0.085714 0.021805 0.000000
1340 0.055970 0.011940 0.000000
1350 0.037037 0.003704 0.000000
1360 0.010294 0.002206 0.000000
1370 0.006569 0.000730 0.000000
1380 0.003623 0.000725 0.000000
1390 0.000719 0.000000 0.000000
1400 0.000714 0.000714 0.000000
1410 0.000000 0.000000 0.000000
1420 0.000000 0.000000 0.000000
1430 0.000000 0.000000 0.000000
1440 0.000000 0.000000 0.000000
1450 0.000000 0.000000 0.000000
1460 0.000000 0.000000 0.000000
1470 0.000000 0.000000 0.000000
1480 0.000000 0.000000 0.000000
1490 0.000000 0.000000 0.000000
1500 0.000000 0.000000 0.000000
1510 0.000000 0.000000 0.000000
1520 0.000000 0.000000 0.000000
1530 0.000000 0.000000 0.000000
1540 0.000000 0.000000 0.000000
1550 0.000000 0.000000 0.000000
1560 0.000000 0.000000 0.000000
1570 0.000000 0.000000 0.000000
1580 0.000000 0.000000 0.000000
1590 0.000000 0.000000 0.000000
1600 0.000000 0.000000 0.000000
1610 0.000000 0.000000 0.000000
1620 0.000000 0.000000 0.000000
1630 0.000000 0.000000 0.000000
1640 0.000000 0.000000 0.000000
1650 0.000000 0.000000 0.000000
1660 0.000000 0.000000 0.000000
1670 0.000000 0.000000 0.000000
1680 0.000000 0.000000 0.000000
1690 0.000000 0.000000 0.000000
1700 0.000000 0.000000 0.000000
1710 0.000000 0.000000 0.000000
1720 0.000000 0.000000 0.000000
1730 0.000000 0.000000 0.000000
1740 0.000000 0.000000 0.000000
1750 0.000000 0.000000 0.000000
1760 0.000000 0.000000 0.000000
1770 0.000000 0.000000 0.000000
1780 0.000000 0.000000 0.000000
1790 0.000000 0.000000 0.000000
1800 0.000000 0.000000 0.000000
1810 0.000000 0.000000 0.000000
1820 0.000000 0.000000 0.000000
1830 0.000000 0.000000 0.000000
1840 0.000000 0.000000 0.000000
1850 0.000000 0.000000 0.000000
1860 0.000000 0.000000 0.000000
1870 0.000000 0.000000 0.000000
1880 0.000000 0.000000 0.000000
1890 0.000000 0.000000 0.000000
1900 0.000000 0.000000 0.000000
1910 0.000000 0.000000 0.000000
1920 0.000000 0.000000 0.000000
1930 0.000000 0.000000 0.000000
1940 0.000000 0.000000 0.000000
1950 0.000000 0.000000 0.000000
1960 0.000000 0.000000 0.000000
1970 0.000000 0.000000 0.000000
1980 0.000000 0.000000 0.000000
1990 0.000000 0.000000 0.000000
10 1.000000 1.000000 1.000000
20 1.000000 1.000000 1.000000
30 1.000000 1.000000 1.000000
40 1.000000 1.000000 1.000000
50 1.000000 1.000000 1.000000
60 1.000000 1.000000 1.000000
70 1.000000 1.000000 1.000000
80 1.000000 1.000000 1.000000
90 1.000000 1.000000 1.000000
100 1.000000 1.000000 1.000000
110 1.000000 1.000000 1.000000
120 1.000000 1.000000 1.000000
130 1.000000 1.000000 1.000000
140 1.000000 1.000000 1.000000
150 1.000000 1.000000 1.000000
160 1.000000 1.000000 1.000000
170 1.000000 1.000000 1.000000
180 1.000000 1.000000 1.000000
190 1.000000 1.000000 1.000000
200 1.000000 1.000000 1.000000
210 1.000000 1.000000 1.000000
220 1.000000 1.000000 1.000000
230 1.000000 1.000000 1.000000
240 1.000000 1.000000 1.000000
250 1.000000 1.000000 1.000000
260 1.000000 1.000000 1.000000
270 1.000000 1.000000 1.000000
280 1.000000 1.000000 1.000000
290 1.000000 1.000000 1.000000
300 1.000000 1.000000 1.000000
310 1.000000 1.000000 1.000000
320 1.000000 1.000000 1.000000
330 1.000000 1.000000 1.000000
340 1.000000 1.000000 1.000000
350 1.000000 1.000000 1.000000
360 1.000000 1.000000 1.000000
370 1.000000 1.000000 1.000000
380 1.000000 1.000000 1.000000
390 1.000000 1.000000 1.000000
400 1.000000 1.000000 1.000000
410 1.000000 1.000000 1.000000
420 1.000000 1.000000 1.000000
430 1.000000 1.000000 1.000000
440 1.000000 1.000000 1.000000
450 1.000000 1.000000 1.000000
460 1.000000 1.000000 1.000000
470 1.000000 1.000000 1.000000
480 1.000000 1.000000 1.000000
490 1.000000 1.000000 1.000000
500 1.000000 1.000000 1.000000
510 1.000000 1.000000 1.000000
520 1.000000 1.000000 1.000000
530 1.000000 1.000000 1.000000
540 1.000000 1.000000 1.000000
550 1.000000 1.000000 1.000000
560 1.000000 1.000000 1.000000
570 1.000000 1.000000 1.000000
580 1.000000 1.000000 1.000000
590 1.000000 1.000000 1.000000
600 1.000000 1.000000 1.000000
610 1.000000 1.000000 1.000000
620 1.000000 1.000000 1.000000
630 1.000000 1.000000 1.000000
640 1.000000 1.000000 1.000000
650 1.000000 1.000000 1.000000
660 1.000000 1.000000 1.000000
670 1.000000 1.000000 1.000000
680 1.000000 1.000000 1.000000
690 1.000000 1.000000 1.000000
700 1.000000 1.000000 1.000000
710 1.000000 1.000000 1.000000
720 1.000000 1.000000 0.998611
730 1.000000 1.000000 1.000000
740 1.000000 1.000000 0.998649
750 1.000000 1.000000 0.997333
760 1.000000 1.000000 1.000000
770 1.000000 1.000000 0.996104
780 1.000000 1.000000 0.997436
790 1.000000 1.000000 0.994937
800 1.000000 1.000000 0.975000
810 1.000000 1.000000 0.956790
820 1.000000 1.000000 0.960976
830 1.000000 1.000000 0.915663
840 1.000000 1.000000 0.896429
850 1.000000 1.000000 0.851765
860 1.000000 1.000000 0.766279
870 1.000000 1.000000 0.722989
880 1.000000 1.000000 0.617045
890 1.000000 0.998876 0.526966
900 1.000000 1.000000 0.486667
910 1.000000 1.000000 0.374725
920 1.000000 0.994565 0.277174
930 1.000000 0.993548 0.215054
940 0.998936 0.971277 0.146809
950 0.998947 0.957895 0.098947
960 0.998958 0.940625 0.081250
970 0.989691 0.911340 0.049485
980 0.985714 0.882653 0.015306
990 0.976768 0.803030 0.011111
1000 0.966000 0.755000 0.007000
1010 0.932673 0.632673 0.002970
1020 0.913725 0.537255 0.002941
1030 0.859223 0.429126 0.000000
1040 0.775962 0.317308 0.000962
1050 0.684762 0.200000 0.000000
1060 0.633962 0.174528 0.000000
1070 0.519626 0.113084 0.000000
1080 0.416667 0.077778 0.000000
1090 0.344037 0.047706 0.000000
1100 0.240000 0.023636 0.000000
1110 0.208108 0.011712 0.000000
1120 0.109821 0.006250 0.000000
1130 0.093805 0.005310 0.000000
1140 0.051754 0.000877 0.000000
1150 0.028696 0.000000 0.000000
1160 0.019828 0.000000 0.000000
1170 0.017949 0.000000 0.000000
1180 0.003390 0.000000 0.000000
1190 0.001681 0.000000 0.000000
1200 0.000000 0.000000 0.000000
1210 0.000000 0.000000 0.000000
1220 0.000000 0.000000 0.000000
1230 0.000000 0.000000 0.000000
1240 0.000000 0.000000 0.000000
1250 0.000000 0.000000 0.000000
1260 0.000000 0.000000 0.000000
1270 0.000000 0.000000 0.000000
1280 0.000000 0.000000 0.000000
1290 0.000000 0.000000 0.000000
1300 0.000000 0.000000 0.000000
1310 0.000000 0.000000 0.000000
1320 0.000000 0.000000 0.000000
1330 0.000000 0.000000 0.000000
1340 0.000000 0.000000 0.000000
1350 0.000000 0.000000 0.000000
1360 0.000000 0.000000 0.000000
1370 0.000000 0.000000 0.000000
1380 0.000000 0.000000 0.000000
1390 0.000000 0.000000 0.000000
1400 0.000000 0.000000 0.000000
1410 0.000000 0.000000 0.000000
1420 0.000000 0.000000 0.000000
1430 0.000000 0.000000 0.000000
1440 0.000000 0.000000 0.000000
1450 0.000000 0.000000 0.000000
1460 0.000000 0.000000 0.000000
1470 0.000000 0.000000 0.000000
1480 0.000000 0.000000 0.000000
1490 0.000000 0.000000 0.000000
1500 0.000000 0.000000 0.000000
1510 0.000000 0.000000 0.000000
1520 0.000000 0.000000 0.000000
1530 0.000000 0.000000 0.000000
1540 0.000000 0.000000 0.000000
1550 0.000000 0.000000 0.000000
1560 0.000000 0.000000 0.000000
1570 0.000000 0.000000 0.000000
1580 0.000000 0.000000 0.000000
1590 0.000000 0.000000 0.000000
1600 0.000000 0.000000 0.000000
1610 0.000000 0.000000 0.000000
1620 0.000000 0.000000 0.000000
1630 0.000000 0.000000 0.000000
1640 0.000000 0.000000 0.000000
1650 0.000000 0.000000 0.000000
1660 0.000000 0.000000 0.000000
1670 0.000000 0.000000 0.000000
1680 0.000000 0.000000 0.000000
1690 0.000000 0.000000 0.000000
1700 0.000000 0.000000 0.000000
1710 0.000000 0.000000 0.000000
1720 0.000000 0.000000 0.000000
1730 0.000000 0.000000 0.000000
1740 0.000000 0.000000 0.000000
1750 0.000000 0.000000 0.000000
1760 0.000000 0.000000 0.000000
1770 0.000000 0.000000 0.000000
1780 0.000000 0.000000 0.000000
1790 0.000000 0.000000 0.000000
1800 0.000000 0.000000 0.000000
1810 0.000000 0.000000 0.000000
1820 0.000000 0.000000 0.000000
1830 0.000000 0.000000 0.000000
1840 0.000000 0.000000 0.000000
1850 0.000000 0.000000 0.000000
1860 0.000000 0.000000 0.000000
1870 0.000000 0.000000 0.000000
1880 0.000000 0.000000 0.000000
1890 0.000000 0.000000 0.000000
1900 0.000000 0.000000 0.000000
1910 0.000000 0.000000 0.000000
1920 0.000000 0.000000 0.000000
1930 0.000000 0.000000 0.000000
1940 0.000000 0.000000 0.000000
1950 0.000000 0.000000 0.000000
1960 0.000000 0.000000 0.000000
1970 0.000000 0.000000 0.000000
1980 0.000000 0.000000 0.000000
1990 0.000000 0.000000 0.000000
10 1.000000 1.000000 1.000000
20 1.000000 1.000000 1.000000
30 1.000000 1.000000 1.000000
40 1.000000 1.000000 1.000000
50 1.000000 1.000000 1.000000
60 1.000000 1.000000 1.000000
70 1.000000 1.000000 1.000000
80 1.000000 1.000000 1.000000
90 1.000000 1.000000 1.000000
100 1.000000 1.000000 1.000000
110 1.000000 1.000000 1.000000
120 1.000000 1.000000 1.000000
130 1.000000 1.000000 1.000000
140 1.000000 1.000000 1.000000
150 1.000000 1.000000 1.000000
160 1.000000 1.000000 1.000000
170 1.000000 1.000000 1.000000
180 1.000000 1.000000 1.000000
190 1.000000 1.000000 1.000000
200 1.000000 1.000000 1.000000
210 1.000000 1.000000 1.000000
220 1.000000 1.000000 1.000000
230 1.000000 1.000000 1.000000
240 1.000000 1.000000 1.000000
250 1.000000 1.000000 1.000000
260 1.000000 1.000000 1.000000
270 1.000000 1.000000 1.000000
280 1.000000 1.000000 1.000000
290 1.000000 1.000000 1.000000
300 1.000000 1.000000 1.000000
310 1.000000 1.000000 1.000000
320 1.000000 1.000000 1.000000
330 1.000000 1.000000 1.000000
340 1.000000 1.000000 1.000000
350 1.000000 1.000000 1.000000
360 1.000000 1.000000 1.000000
370 1.000000 1.000000 1.000000
380 1.000000 1.000000 1.000000
390 1.000000 1.000000 1.000000
400 1.000000 1.000000 1.000000
410 1.000000 1.000000 1.000000
420 1.000000 1.000000 1.000000
430 1.000000 1.000000 1.000000
440 1.000000 1.000000 1.000000
450 1.000000 1.000000 1.000000
460 1.000000 1.000000 1.000000
470 1.000000 1.000000 1.000000
480 1.000000 1.000000 1.000000
490 1.000000 1.000000 1.000000
500 1.000000 1.000000 1.000000
510 1.000000 1.000000 1.000000
520 1.000000 1.000000 1.000000
530 1.000000 1.000000 1.000000
540 1.000000 1.000000 1.000000
550 1.000000 1.000000 1.000000
560 1.000000 1.000000 1.000000
570 1.000000 1.000000 1.000000
580 1.000000 1.000000 1.000000
590 1.000000 1.000000 0.996610
600 1.000000 1.000000 0.998333
610 1.000000 1.000000 0.993443
620 1.000000 1.000000 0.990323
630 1.000000 1.000000 0.984127
640 1.000000 1.000000 0.954688
650 1.000000 1.000000 0.929231
660 1.000000 1.000000 0.871212
670 1.000000 1.000000 0.826866
680 1.000000 1.000000 0.739706
690 1.000000 1.000000 0.618841
700 1.000000 0.997143 0.550000
710 1.000000 0.997183 0.470423
720 1.000000 0.998611 0.318056
730 1.000000 0.995890 0.268493
740 1.000000 0.987838 0.198649
750 0.998667 0.984000 0.141333
760 0.996053 0.965789 0.071053
770 0.984416 0.920779 0.059740
780 0.988462 0.920513 0.029487
790 0.979747 0.875949 0.020253
800 0.965000 0.792500 0.002500
810 0.937037 0.695062 0.004938
820 0.906098 0.624390 0.000000
830 0.871084 0.503614 0.001205
840 0.798810 0.440476 0.001190
850 0.750588 0.355294 0.000000
860 0.674419 0.261628 0.000000
870 0.573563 0.175862 0.000000
880 0.520455 0.121591 0.000000
890 0.396629 0.082022 0.000000
900 0.306667 0.050000 0.000000
910 0.225275 0.020879 0.000000
920 0.179348 0.013043 0.000000
930 0.123656 0.006452 0.000000
940 0.062766 0.003191 0.000000
950 0.055789 0.001053 0.000000
960 0.039583 0.000000 0.000000
970 0.015464 0.000000 0.000000
980 0.012245 0.000000 0.000000
990 0.009091 0.000000 0.000000
1000 0.001000 0.000000 0.000000
1010 0.001980 0.000000 0.000000
1020 0.000980 0.000000 0.000000
1030 0.000000 0.000000 0.000000
1040 0.000000 0.000000 0.000000
1050 0.000000 0.000000 0.000000
1060 0.000000 0.000000 0.000000
1070 0.000000 0.000000 0.000000
1080 0.000000 0.000000 0.000000
1090 0.000000 0.000000 0.000000
1100 0.000000 0.000000 0.000000
1110 0.000000 0.000000 0.000000
1120 0.000000 0.000000 0.000000
1130 0.000000 0.000000 0.000000
1140 0.000000 0.000000 0.000000
1150 0.000000 0.000000 0.000000
1160 0.000000 0.000000 0.000000
1170 0.000000 0.000000 0.000000
1180 0.000000 0.000000 0.000000
1190 0.000000 0.000000 0.000000
1200 0.000000 0.000000 0.000000
1210 0.000000 0.000000 0.000000
1220 0.000000 0.000000 0.000000
1230 0.000000 0.000000 0.000000
1240 0.000000 0.000000 0.000000
1250 0.000000 0.000000 0.000000
1260 0.000000 0.000000 0.000000
1270 0.000000 0.000000 0.000000
1280 0.000000 0.000000 0.000000
1290 0.000000 0.000000 0.000000
1300 0.000000 0.000000 0.000000
1310 0.000000 0.000000 0.000000
1320 0.000000 0.000000 0.000000
1330 0.000000 0.000000 0.000000
1340 0.000000 0.000000 0.000000
1350 0.000000 0.000000 0.000000
1360 0.000000 0.000000 0.000000
1370 0.000000 0.000000 0.000000
1380 0.000000 0.000000 0.000000
1390 0.000000 0.000000 0.000000
1400 0.000000 0.000000 0.000000
1410 0.000000 0.000000 0.000000
1420 0.000000 0.000000 0.000000
1430 0.000000 0.000000 0.000000
1440 0.000000 0.000000 0.000000
1450 0.000000 0.000000 0.000000
1460 0.000000 0.000000 0.000000
1470 0.000000 0.000000 0.000000
1480 0.000000 0.000000 0.000000
1490 0.000000 0.000000 0.000000
1500 0.000000 0.000000 0.000000
1510 0.000000 0.000000 0.000000
1520 0.000000 0.000000 0.000000
1530 0.000000 0.000000 0.000000
1540 0.000000 0.000000 0.000000
1550 0.000000 0.000000 0.000000
1560 0.000000 0.000000 0.000000
1570 0.000000 0.000000 0.000000
1580 0.000000 0.000000 0.000000
1590 0.000000 0.000000 0.000000
1600 0.000000 0.000000 0.000000
1610 0.000000 0.000000 0.000000
1620 0.000000 0.000000 0.000000
1630 0.000000 0.000000 0.000000
1640 0.000000 0.000000 0.000000
1650 0.000000 0.000000 0.000000
1660 0.000000 0.000000 0.000000
1670 0.000000 0.000000 0.000000
1680 0.000000 0.000000 0.000000
1690 0.000000 0.000000 0.000000
1700 0.000000 0.000000 0.000000
1710 0.000000 0.000000 0.000000
1720 0.000000 0.000000 0.000000
1730 0.000000 0.000000 0.000000
1740 0.000000 0.000000 0.000000
1750 0.000000 0.000000 0.000000
1760 0.000000 0.000000 0.000000
1770 0.000000 0.000000 0.000000
1780 0.000000 0.000000 0.000000
1790 0.000000 0.000000 0.000000
1800 0.000000 0.000000 0.000000
1810 0.000000 0.000000 0.000000
1820 0.000000 0.000000 0.000000
1830 0.000000 0.000000 0.000000
1840 0.000000 0.000000 0.000000
1850 0.000000 0.000000 0.000000
1860 0.000000 0.000000 0.000000
1870 0.000000 0.000000 0.000000
1880 0.000000 0.000000 0.000000
1890 0.000000 0.000000 0.000000
1900 0.000000 0.000000 0.000000
1910 0.000000 0.000000 0.000000
1920 0.000000 0.000000 0.000000
1930 0.000000 0.000000 0.000000
1940 0.000000 0.000000 0.000000
1950 0.000000 0.000000 0.000000
1960 0.000000 0.000000 0.000000
1970 0.000000 0.000000 0.000000
1980 0.000000 0.000000 0.000000
1990 0.000000 0.000000 0.000000
10 1.000000 1.000000 1.000000
20 1.000000 1.000000 1.000000
30 1.000000 1.000000 1.000000
40 1.000000 1.000000 1.000000
50 1.000000 1.000000 1.000000
60 1.000000 1.000000 1.000000
70 1.000000 1.000000 1.000000
80 1.000000 1.000000 1.000000
90 1.000000 1.000000 1.000000
100 1.000000 1.000000 1.000000
110 1.000000 1.000000 1.000000
120 1.000000 1.000000 1.000000
130 1.000000 1.000000 1.000000
140 1.000000 1.000000 1.000000
150 1.000000 1.000000 1.000000
160 1.000000 1.000000 1.000000
170 1.000000 1.000000 1.000000
180 1.000000 1.000000 1.000000
190 1.000000 1.000000 1.000000
200 1.000000 1.000000 1.000000
210 1.000000 1.000000 1.000000
220 1.000000 1.000000 1.000000
230 1.000000 1.000000 1.000000
240 1.000000 1.000000 1.000000
250 1.000000 1.000000 1.000000
260 1.000000 1.000000 1.000000
270 1.000000 1.000000 1.000000
280 1.000000 1.000000 1.000000
290 1.000000 1.000000 1.000000
300 1.000000 1.000000 1.000000
310 1.000000 1.000000 1.000000
320 1.000000 1.000000 1.000000
330 1.000000 1.000000 1.000000
340 1.000000 1.000000 1.000000
350 1.000000 1.000000 1.000000
360 1.000000 1.000000 1.000000
370 1.000000 1.000000 1.000000
380 1.000000 1.000000 1.000000
390 1.000000 1.000000 1.000000
400 1.000000 1.000000 1.000000
410 1.000000 1.000000 1.000000
420 1.000000 1.000000 1.000000
430 1.000000 1.000000 1.000000
440 1.000000 1.000000 1.000000
450 1.000000 1.000000 1.000000
460 1.000000 1.000000 1.000000
470 1.000000 1.000000 0.995745
480 1.000000 1.000000 0.993750
490 1.000000 1.000000 0.985714
500 1.000000 1.000000 0.964000
510 1.000000 1.000000 0.911765
520 1.000000 1.000000 0.900000
530 1.000000 1.000000 0.809434
540 1.000000 0.998148 0.714815
550 0.998182 0.996364 0.634545
560 1.000000 0.998214 0.432143
570 1.000000 0.996491 0.345614
580 1.000000 0.994828 0.258621
590 1.000000 0.981356 0.157627
600 0.996667 0.976667 0.101667
610 0.990164 0.944262 0.050820
620 0.983871 0.904839 0.038710
630 0.958730 0.849206 0.023810
640 0.959375 0.803125 0.010937
650 0.909231 0.689231 0.003077
660 0.845455 0.578788 0.006061
670 0.820896 0.523881 0.000000
680 0.739706 0.398529 0.000000
690 0.684058 0.342029 0.000000
700 0.534286 0.212857 0.000000
710 0.423944 0.139437 0.000000
720 0.354167 0.095833 0.000000
730 0.287671 0.061644 0.000000
740 0.228378 0.028378 0.000000
750 0.140000 0.018667 0.000000
760 0.097368 0.011842 0.000000
770 0.063636 0.005195 0.000000
780 0.042308 0.003846 0.000000
790 0.030380 0.000000 0.000000
800 0.012500 0.000000 0.000000
810 0.008642 0.000000 0.000000
820 0.004878 0.000000 0.000000
830 0.001205 0.000000 0.000000
840 0.001190 0.000000 0.000000
850 0.000000 0.000000 0.000000
860 0.000000 0.000000 0.000000
870 0.000000 0.000000 0.000000
880 0.000000 0.000000 0.000000
890 0.000000 0.000000 0.000000
900 0.000000 0.000000 0.000000
910 0.000000 0.000000 0.000000
920 0.000000 0.000000 0.000000
930 0.000000 0.000000 0.000000
940 0.000000 0.000000 0.000000
950 0.000000 0.000000 0.000000
960 0.000000 0.000000 0.000000
970 0.000000 0.000000 0.000000
980 0.000000 0.000000 0.000000
990 0.000000 0.000000 0.000000
1000 0.000000 0.000000 0.000000
1010 0.000000 0.000000 0.000000
1020 0.000000 0.000000 0.000000
1030 0.000000 0.000000 0.000000
1040 0.000000 0.000000 0.000000
1050 0.000000 0.000000 0.000000
1060 0.000000 0.000000 0.000000
1070 0.000000 0.000000 0.000000
1080 0.000000 0.000000 0.000000
1090 0.000000 0.000000 0.000000
1100 0.000000 0.000000 0.000000
1110 0.000000 0.000000 0.000000
1120 0.000000 0.000000 0.000000
1130 0.000000 0.000000 0.000000
1140 0.000000 0.000000 0.000000
1150 0.000000 0.000000 0.000000
1160 0.000000 0.000000 0.000000
1170 0.000000 0.000000 0.000000
1180 0.000000 0.000000 0.000000
1190 0.000000 0.000000 0.000000
1200 0.000000 0.000000 0.000000
1210 0.000000 0.000000 0.000000
1220 0.000000 0.000000 0.000000
1230 0.000000 0.000000 0.000000
1240 0.000000 0.000000 0.000000
1250 0.000000 0.000000 0.000000
1260 0.000000 0.000000 0.000000
1270 0.000000 0.000000 0.000000
1280 0.000000 0.000000 0.000000
1290 0.000000 0.000000 0.000000
1300 0.000000 0.000000 0.000000
1310 0.000000 0.000000 0.000000
1320 0.000000 0.000000 0.000000
1330 0.000000 0.000000 0.000000
1340 0.000000 0.000000 0.000000
1350 0.000000 0.000000 0.000000
1360 0.000000 0.000000 0.000000
1370 0.000000 0.000000 0.000000
1380 0.000000 0.000000 0.000000
1390 0.000000 0.000000 0.000000
1400 0.000000 0.000000 0.000000
1410 0.000000 0.000000 0.000000
1420 0.000000 0.000000 0.000000
1430 0.000000 0.000000 0.000000
1440 0.000000 0.000000 0.000000
1450 0.000000 0.000000 0.000000
1460 0.000000 0.000000 0.000000
1470 0.000000 0.000000 0.000000
1480 0.000000 0.000000 0.000000
1490 0.000000 0.000000 0.000000
1500 0.000000 0.000000 0.000000
1510 0.000000 0.000000 0.000000
1520 0.000000 0.000000 0.000000
1530 0.000000 0.000000 0.000000
1540 0.000000 0.000000 0.000000
1550 0.000000 0.000000 0.000000
1560 0.000000 0.000000 0.000000
1570 0.000000 0.000000 0.000000
1580 0.000000 0.000000 0.000000
1590 0.000000 0.000000 0.000000
1600 0.000000 0.000000 0.000000
1610 0.000000 0.000000 0.000000
1620 0.000000 0.000000 0.000000
1630 0.000000 0.000000 0.000000
1640 0.000000 0.000000 0.000000
1650 0.000000 0.000000 0.000000
1660 0.000000 0.000000 0.000000
1670 0.000000 0.000000 0.000000
1680 0.000000 0.000000 0.000000
1690 0.000000 0.000000 0.000000
1700 0.000000 0.000000 0.000000
1710 0.000000 0.000000 0.000000
1720 0.000000 0.000000 0.000000
1730 0.000000 0.000000 0.000000
1740 0.000000 0.000000 0.000000
1750 0.000000 0.000000 0.000000
1760 0.000000 0.000000 0.000000
1770 0.000000 0.000000 0.000000
1780 0.000000 0.000000 0.000000
1790 0.000000 0.000000 0.000000
1800 0.000000 0.000000 0.000000
1810 0.000000 0.000000 0.000000
1820 0.000000 0.000000 0.000000
1830 0.000000 0.000000 0.000000
1840 0.000000 0.000000 0.000000
1850 0.000000 0.000000 0.000000
1860 0.000000 0.000000 0.000000
1870 0.000000 0.000000 0.000000
1880 0.000000 0.000000 0.000000
1890 0.000000 0.000000 0.000000
1900 0.000000 0.000000 0.000000
1910 0.000000 0.000000 0.000000
1920 0.000000 0.000000 0.000000
1930 0.000000 0.000000 0.000000
1940 0.000000 0.000000 0.000000
1950 0.000000 0.000000 0.000000
1960 0.000000 0.000000 0.000000
1970 0.000000 0.000000 0.000000
1980 0.000000 0.000000 0.000000
1990 0.000000 0.000000 0.000000
10 1.000000 1.000000 1.000000
20 1.000000 1.000000 1.000000
30 1.000000 1.000000 1.000000
40 1.000000 1.000000 1.000000
50 1.000000 1.000000 1.000000
60 1.000000 1.000000 1.000000
70 1.000000 1.000000 1.000000
80 1.000000 1.000000 1.000000
90 1.000000 1.000000 1.000000
100 1.000000 1.000000 1.000000
110 1.000000 1.000000 1.000000
120 1.000000 1.000000 1.000000
130 1.000000 1.000000 1.000000
140 1.000000 1.000000 1.000000
150 1.000000 1.000000 1.000000
160 1.000000 1.000000 1.000000
170 1.000000 1.000000 1.000000
180 1.000000 1.000000 1.000000
190 1.000000 1.000000 1.000000
200 1.000000 1.000000 1.000000
210 1.000000 1.000000 1.000000
220 1.000000 1.000000 1.000000
230 1.000000 1.000000 1.000000
240 1.000000 1.000000 1.000000
250 1.000000 1.000000 1.000000
260 1.000000 1.000000 1.000000
270 1.000000 1.000000 1.000000
280 1.000000 1.000000 1.000000
290 1.000000 1.000000 1.000000
300 1.000000 1.000000 1.000000
310 1.000000 1.000000 1.000000
320 1.000000 1.000000 1.000000
330 1.000000 1.000000 1.000000
340 1.000000 1.000000 1.000000
350 1.000000 1.000000 1.000000
360 1.000000 1.000000 0.994444
370 1.000000 1.000000 0.997297
380 1.000000 1.000000 0.986842
390 1.000000 1.000000 0.971795
400 1.000000 1.000000 0.940000
410 1.000000 1.000000 0.865854
420 1.000000 0.997619 0.764286
430 1.000000 1.000000 0.658140
440 0.997727 0.997727 0.497727
450 1.000000 0.993333 0.342222
460 0.991304 0.978261 0.197826
470 0.985106 0.968085 0.138298
480 0.989583 0.958333 0.093750
490 0.946939 0.879592 0.036735
500 0.952000 0.856000 0.020000
510 0.868627 0.676471 0.000000
520 0.817308 0.630769 0.001923
530 0.673585 0.418868 0.001887
540 0.601852 0.388889 0.001852
550 0.570909 0.303636 0.000000
560 0.475000 0.228571 0.000000
570 0.268421 0.078947 0.000000
580 0.253448 0.075862 0.000000
590 0.174576 0.038983 0.000000
600 0.148333 0.040000 0.000000
610 0.086885 0.009836 0.000000
620 0.059677 0.008065 0.000000
630 0.031746 0.003175 0.000000
640 0.015625 0.000000 0.000000
650 0.006154 0.000000 0.000000
660 0.006061 0.000000 0.000000
670 0.000000 0.000000 0.000000
680 0.000000 0.000000 0.000000
690 0.001449 0.000000 0.000000
700 0.000000 0.000000 0.000000
710 0.000000 0.000000 0.000000
720 0.000000 0.000000 0.000000
730 0.000000 0.000000 0.000000
740 0.000000 0.000000 0.000000
750 0.000000 0.000000 0.000000
760 0.000000 0.000000 0.000000
770 0.000000 0.000000 0.000000
780 0.000000 0.000000 0.000000
790 0.000000 0.000000 0.000000
800 0.000000 0.000000 0.000000
810 0.000000 0.000000 0.000000
820 0.000000 0.000000 0.000000
830 0.000000 0.000000 0.000000
840 0.000000 0.000000 0.000000
850 0.000000 0.000000 0.000000
860 0.000000 0.000000 0.000000
870 0.000000 0.000000 0.000000
880 0.000000 0.000000 0.000000
890 0.000000 0.000000 0.000000
900 0.000000 0.000000 0.000000
910 0.000000 0.000000 0.000000
920 0.000000 0.000000 0.000000
930 0.000000 0.000000 0.000000
940 0.000000 0.000000 0.000000
950 0.000000 0.000000 0.000000
960 0.000000 0.000000 0.000000
970 0.000000 0.000000 0.000000
980 0.000000 0.000000 0.000000
990 0.000000 0.000000 0.000000
1000 0.000000 0.000000 0.000000
1010 0.000000 0.000000 0.000000
1020 0.000000 0.000000 0.000000
1030 0.000000 0.000000 0.000000
1040 0.000000 0.000000 0.000000
1050 0.000000 0.000000 0.000000
1060 0.000000 0.000000 0.000000
1070 0.000000 0.000000 0.000000
1080 0.000000 0.000000 0.000000
1090 0.000000 0.000000 0.000000
1100 0.000000 0.000000 0.000000
1110 0.000000 0.000000 0.000000
1120 0.000000 0.000000 0.000000
1130 0.000000 0.000000 0.000000
1140 0.000000 0.000000 0.000000
1150 0.000000 0.000000 0.000000
1160 0.000000 0.000000 0.000000
1170 0.000000 0.000000 0.000000
1180 0.000000 0.000000 0.000000
1190 0.000000 0.000000 0.000000
1200 0.000000 0.000000 0.000000
1210 0.000000 0.000000 0.000000
1220 0.000000 0.000000 0.000000
1230 0.000000 0.000000 0.000000
1240 0.000000 0.000000 0.000000
1250 0.000000 0.000000 0.000000
1260 0.000000 0.000000 0.000000
1270 0.000000 0.000000 0.000000
1280 0.000000 0.000000 0.000000
1290 0.000000 0.000000 0.000000
1300 0.000000 0.000000 0.000000
1310 0.000000 0.000000 0.000000
1320 0.000000 0.000000 0.000000
1330 0.000000 0.000000 0.000000
1340 0.000000 0.000000 0.000000
1350 0.000000 0.000000 0.000000
1360 0.000000 0.000000 0.000000
1370 0.000000 0.000000 0.000000
1380 0.000000 0.000000 0.000000
1390 0.000000 0.000000 0.000000
1400 0.000000 0.000000 0.000000
1410 0.000000 0.000000 0.000000
1420 0.000000 0.000000 0.000000
1430 0.000000 0.000000 0.000000
1440 0.000000 0.000000 0.000000
1450 0.000000 0.000000 0.000000
1460 0.000000 0.000000 0.000000
1470 0.000000 0.000000 0.000000
1480 0.000000 0.000000 0.000000
1490 0.000000 0.000000 0.000000
1500 0.000000 0.000000 0.000000
1510 0.000000 0.000000 0.000000
1520 0.000000 0.000000 0.000000
1530 0.000000 0.000000 0.000000
1540 0.000000 0.000000 0.000000
1550 0.000000 0.000000 0.000000
1560 0.000000 0.000000 0.000000
1570 0.000000 0.000000 0.000000
1580 0.000000 0.000000 0.000000
1590 0.000000 0.000000 0.000000
1600 0.000000 0.000000 0.000000
1610 0.000000 0.000000 0.000000
1620 0.000000 0.000000 0.000000
1630 0.000000 0.000000 0.000000
1640 0.000000 0.000000 0.000000
1650 0.000000 0.000000 0.000000
1660 0.000000 0.000000 0.000000
1670 0.000000 0.000000 0.000000
1680 0.000000 0.000000 0.000000
1690 0.000000 0.000000 0.000000
1700 0.000000 0.000000 0.000000
1710 0.000000 0.000000 0.000000
1720 0.000000 0.000000 0.000000
1730 0.000000 0.000000 0.000000
1740 0.000000 0.000000 0.000000
1750 0.000000 0.000000 0.000000
1760 0.000000 0.000000 0.000000
1770 0.000000 0.000000 0.000000
1780 0.000000 0.000000 0.000000
1790 0.000000 0.000000 0.000000
1800 0.000000 0.000000 0.000000
1810 0.000000 0.000000 0.000000
1820 0.000000 0.000000 0.000000
1830 0.000000 0.000000 0.000000
1840 0.000000 0.000000 0.000000
1850 0.000000 0.000000 0.000000
1860 0.000000 0.000000 0.000000
1870 0.000000 0.000000 0.000000
1880 0.000000 0.000000 0.000000
1890 0.000000 0.000000 0.000000
1900 0.000000 0.000000 0.000000
1910 0.000000 0.000000 0.000000
1920 0.000000 0.000000 0.000000
1930 0.000000 0.000000 0.000000
1940 0.000000 0.000000 0.000000
1950 0.000000 0.000000 0.000000
1960 0.000000 0.000000 0.000000
1970 0.000000 0.000000 0.000000
1980 0.000000 0.000000 0.000000
1990 0.000000 0.000000 0.000000
10 1.000000 1.000000 1.000000
20 1.000000 1.000000 1.000000
30 1.000000 1.000000 1.000000
40 1.000000 1.000000 1.000000
50 1.000000 1.000000 1.000000
60 1.000000 1.000000 1.000000
70 1.000000 1.000000 1.000000
80 1.000000 1.000000 1.000000
90 1.000000 1.000000 1.000000
100 1.000000 1.000000 1.000000
110 1.000000 1.000000 1.000000
120 1.000000 1.000000 1.000000
130 1.000000 1.000000 1.000000
140 1.000000 1.000000 1.000000
150 1.000000 1.000000 1.000000
160 1.000000 1.000000 1.000000
170 1.000000 1.000000 1.000000
180 1.000000 1.000000 1.000000
190 1.000000 1.000000 1.000000
200 1.000000 1.000000 1.000000
210 1.000000 1.000000 1.000000
220 1.000000 1.000000 1.000000
230 1.000000 1.000000 1.000000
240 1.000000 1.000000 1.000000
250 1.000000 1.000000 1.000000
260 1.000000 1.000000 1.000000
270 1.000000 1.000000 1.000000
280 1.000000 1.000000 1.000000
290 1.000000 1.000000 0.996552
300 1.000000 1.000000 0.973333
310 1.000000 1.000000 0.958065
320 1.000000 1.000000 0.840625
330 1.000000 1.000000 0.709091
340 1.000000 1.000000 0.597059
350 0.997143 0.991429 0.411429
360 0.997222 0.994444 0.188889
370 0.975676 0.943243 0.137838
380 0.942105 0.889474 0.063158
390 0.871795 0.741026 0.017949
400 0.820000 0.655000 0.010000
410 0.709756 0.514634 0.000000
420 0.614286 0.419048 0.000000
430 0.467442 0.274419 0.002326
440 0.320455 0.163636 0.000000
450 0.224444 0.077778 0.000000
460 0.152174 0.060870 0.000000
470 0.097872 0.027660 0.000000
480 0.060417 0.012500 0.000000
490 0.026531 0.006122 0.000000
500 0.008000 0.002000 0.000000
510 0.005882 0.000000 0.000000
520 0.001923 0.000000 0.000000
530 0.000000 0.000000 0.000000
540 0.000000 0.000000 0.000000
550 0.000000 0.000000 0.000000
560 0.000000 0.000000 0.000000
570 0.000000 0.000000 0.000000
580 0.000000 0.000000 0.000000
590 0.000000 0.000000 0.000000
600 0.000000 0.000000 0.000000
610 0.000000 0.000000 0.000000
620 0.000000 0.000000 0.000000
630 0.000000 0.000000 0.000000
640 0.000000 0.000000 0.000000
650 0.000000 0.000000 0.000000
660 0.000000 0.000000 0.000000
670 0.000000 0.000000 0.000000
680 0.000000 0.000000 0.000000
690 0.000000 0.000000 0.000000
700 0.000000 0.000000 0.000000
710 0.000000 0.000000 0.000000
720 0.000000 0.000000 0.000000
730 0.000000 0.000000 0.000000
740 0.000000 0.000000 0.000000
750 0.000000 0.000000 0.000000
760 0.000000 0.000000 0.000000
770 0.000000 0.000000 0.000000
780 0.000000 0.000000 0.000000
790 0.000000 0.000000 0.000000
800 0.000000 0.000000 0.000000
810 0.000000 0.000000 0.000000
820 0.000000 0.000000 0.000000
830 0.000000 0.000000 0.000000
840 0.000000 0.000000 0.000000
850 0.000000 0.000000 0.000000
860 0.000000 0.000000 0.000000
870 0.000000 0.000000 0.000000
880 0.000000 0.000000 0.000000
890 0.000000 0.000000 0.000000
900 0.000000 0.000000 0.000000
910 0.000000 0.000000 0.000000
920 0.000000 0.000000 0.000000
930 0.000000 0.000000 0.000000
940 0.000000 0.000000 0.000000
950 0.000000 0.000000 0.000000
960 0.000000 0.000000 0.000000
970 0.000000 0.000000 0.000000
980 0.000000 0.000000 0.000000
990 0.000000 0.000000 0.000000
1000 0.000000 0.000000 0.000000
1010 0.000000 0.000000 0.000000
1020 0.000000 0.000000 0.000000
1030 0.000000 0.000000 0.000000
1040 0.000000 0.000000 0.000000
1050 0.000000 0.000000 0.000000
1060 0.000000 0.000000 0.000000
1070 0.000000 0.000000 0.000000
1080 0.000000 0.000000 0.000000
1090 0.000000 0.000000 0.000000
1100 0.000000 0.000000 0.000000
1110 0.000000 0.000000 0.000000
1120 0.000000 0.000000 0.000000
1130 0.000000 0.000000 0.000000
1140 0.000000 0.000000 0.000000
1150 0.000000 0.000000 0.000000
1160 0.000000 0.000000 0.000000
1170 0.000000 0.000000 0.000000
1180 0.000000 0.000000 0.000000
1190 0.000000 0.000000 0.000000
1200 0.000000 0.000000 0.000000
1210 0.000000 0.000000 0.000000
1220 0.000000 0.000000 0.000000
1230 0.000000 0.000000 0.000000
1240 0.000000 0.000000 0.000000
1250 0.000000 0.000000 0.000000
1260 0.000000 0.000000 0.000000
1270 0.000000 0.000000 0.000000
1280 0.000000 0.000000 0.000000
1290 0.000000 0.000000 0.000000
1300 0.000000 0.000000 0.000000
1310 0.000000 0.000000 0.000000
1320 0.000000 0.000000 0.000000
1330 0.000000 0.000000 0.000000
1340 0.000000 0.000000 0.000000
1350 0.000000 0.000000 0.000000
1360 0.000000 0.000000 0.000000
1370 0.000000 0.000000 0.000000
1380 0.000000 0.000000 0.000000
1390 0.000000 0.000000 0.000000
1400 0.000000 0.000000 0.000000
1410 0.000000 0.000000 0.000000
1420 0.000000 0.000000 0.000000
1430 0.000000 0.000000 0.000000
1440 0.000000 0.000000 0.000000
1450 0.000000 0.000000 0.000000
1460 0.000000 0.000000 0.000000
1470 0.000000 0.000000 0.000000
1480 0.000000 0.000000 0.000000
1490 0.000000 0.000000 0.000000
1500 0.000000 0.000000 0.000000
1510 0.000000 0.000000 0.000000
1520 0.000000 0.000000 0.000000
1530 0.000000 0.000000 0.000000
1540 0.000000 0.000000 0.000000
1550 0.000000 0.000000 0.000000
1560 0.000000 0.000000 0.000000
1570 0.000000 0.000000 0.000000
1580 0.000000 0.000000 0.000000
1590 0.000000 0.000000 0.000000
1600 0.000000 0.000000 0.000000
1610 0.000000 0.000000 0.000000
1620 0.000000 0.000000 0.000000
1630 0.000000 0.000000 0.000000
1640 0.000000 0.000000 0.000000
1650 0.000000 0.000000 0.000000
1660 0.000000 0.000000 0.000000
1670 0.000000 0.000000 0.000000
1680 0.000000 0.000000 0.000000
1690 0.000000 0.000000 0.000000
1700 0.000000 0.000000 0.000000
1710 0.000000 0.000000 0.000000
1720 0.000000 0.000000 0.000000
1730 0.000000 0.000000 0.000000
1740 0.000000 0.000000 0.000000
1750 0.000000 0.000000 0.000000
1760 0.000000 0.000000 0.000000
1770 0.000000 0.000000 0.000000
1780 0.000000 0.000000 0.000000
1790 0.000000 0.000000 0.000000
1800 0.000000 0.000000 0.000000
1810 0.000000 0.000000 0.000000
1820 0.000000 0.000000 0.000000
1830 0.000000 0.000000 0.000000
1840 0.000000 0.000000 0.000000
1850 0.000000 0.000000 0.000000
1860 0.000000 0.000000 0.000000
1870 0.000000 0.000000 0.000000
1880 0.000000 0.000000 0.000000
1890 0.000000 0.000000 0.000000
1900 0.000000 0.000000 0.000000
1910 0.000000 0.000000 0.000000
1920 0.000000 0.000000 0.000000
1930 0.000000 0.000000 0.000000
1940 0.000000 0.000000 0.000000
1950 0.000000 0.000000 0.000000
1960 0.000000 0.000000 0.000000
1970 0.000000 0.000000 0.000000
1980 0.000000 0.000000 0.000000
1990 0.000000 0.000000 0.000000
10 1.000000 1.000000 1.000000
20 1.000000 1.000000 1.000000
30 1.000000 1.000000 1.000000
40 1.000000 1.000000 1.000000
50 1.000000 1.000000 1.000000
60 1.000000 1.000000 1.000000
70 1.000000 1.000000 1.000000
80 1.000000 1.000000 1.000000
90 1.000000 1.000000 1.000000
100 1.000000 1.000000 1.000000
110 1.000000 1.000000 1.000000
120 1.000000 1.000000 1.000000
130 1.000000 1.000000 1.000000
140 1.000000 1.000000 1.000000
150 1.000000 1.000000 1.000000
160 1.000000 1.000000 1.000000
170 1.000000 1.000000 1.000000
180 1.000000 1.000000 1.000000
190 1.000000 1.000000 1.000000
200 1.000000 1.000000 1.000000
210 1.000000 1.000000 1.000000
220 1.000000 1.000000 1.000000
230 1.000000 1.000000 0.995652
240 1.000000 1.000000 0.941667
250 1.000000 1.000000 0.848000
260 0.996154 0.996154 0.719231
270 1.000000 0.988889 0.455556
280 0.978571 0.960714 0.239286
290 0.920690 0.875862 0.086207
300 0.833333 0.766667 0.050000
310 0.774194 0.664516 0.025806
320 0.534375 0.412500 0.003125
330 0.430303 0.300000 0.000000
340 0.244118 0.141176 0.000000
350 0.137143 0.062857 0.000000
360 0.091667 0.044444 0.000000
370 0.027027 0.008108 0.000000
380 0.010526 0.000000 0.000000
390 0.005128 0.000000 0.000000
400 0.000000 0.000000 0.000000
410 0.002439 0.000000 0.000000
420 0.000000 0.000000 0.000000
430 0.000000 0.000000 0.000000
440 0.000000 0.000000 0.000000
450 0.000000 0.000000 0.000000
460 0.000000 0.000000 0.000000
470 0.000000 0.000000 0.000000
480 0.000000 0.000000 0.000000
490 0.000000 0.000000 0.000000
500 0.000000 0.000000 0.000000
510 0.000000 0.000000 0.000000
520 0.000000 0.000000 0.000000
530 0.000000 0.000000 0.000000
540 0.000000 0.000000 0.000000
550 0.000000 0.000000 0.000000
560 0.000000 0.000000 0.000000
570 0.000000 0.000000 0.000000
580 0.000000 0.000000 0.000000
590 0.000000 0.000000 0.000000
600 0.000000 0.000000 0.000000
610 0.000000 0.000000 0.000000
620 0.000000 0.000000 0.000000
630 0.000000 0.000000 0.000000
640 0.000000 0.000000 0.000000
650 0.000000 0.000000 0.000000
660 0.000000 0.000000 0.000000
670 0.000000 0.000000 0.000000
680 0.000000 0.000000 0.000000
690 0.000000 0.000000 0.000000
700 0.000000 0.000000 0.000000
710 0.000000 0.000000 0.000000
720 0.000000 0.000000 0.000000
730 0.000000 0.000000 0.000000
740 0.000000 0.000000 0.000000
750 0.000000 0.000000 0.000000
760 0.000000 0.000000 0.000000
770 0.000000 0.000000 0.000000
780 0.000000 0.000000 0.000000
790 0.000000 0.000000 0.000000
800 0.000000 0.000000 0.000000
810 0.000000 0.000000 0.000000
820 0.000000 0.000000 0.000000
830 0.000000 0.000000 0.000000
840 0.000000 0.000000 0.000000
850 0.000000 0.000000 0.000000
860 0.000000 0.000000 0.000000
870 0.000000 0.000000 0.000000
880 0.000000 0.000000 0.000000
890 0.000000 0.000000 0.000000
900 0.000000 0.000000 0.000000
910 0.000000 0.000000 0.000000
920 0.000000 0.000000 0.000000
930 0.000000 0.000000 0.000000
940 0.000000 0.000000 0.000000
950 0.000000 0.000000 0.000000
960 0.000000 0.000000 0.000000
970 0.000000 0.000000 0.000000
980 0.000000 0.000000 0.000000
990 0.000000 0.000000 0.000000
1000 0.000000 0.000000 0.000000
1010 0.000000 0.000000 0.000000
1020 0.000000 0.000000 0.000000
1030 0.000000 0.000000 0.000000
1040 0.000000 0.000000 0.000000
1050 0.000000 0.000000 0.000000
1060 0.000000 0.000000 0.000000
1070 0.000000 0.000000 0.000000
1080 0.000000 0.000000 0.000000
1090 0.000000 0.000000 0.000000
1100 0.000000 0.000000 0.000000
1110 0.000000 0.000000 0.000000
1120 0.000000 0.000000 0.000000
1130 0.000000 0.000000 0.000000
1140 0.000000 0.000000 0.000000
1150 0.000000 0.000000 0.000000
1160 0.000000 0.000000 0.000000
1170 0.000000 0.000000 0.000000
1180 0.000000 0.000000 0.000000
1190 0.000000 0.000000 0.000000
1200 0.000000 0.000000 0.000000
1210 0.000000 0.000000 0.000000
1220 0.000000 0.000000 0.000000
1230 0.000000 0.000000 0.000000
1240 0.000000 0.000000 0.000000
1250 0.000000 0.000000 0.000000
1260 0.000000 0.000000 0.000000
1270 0.000000 0.000000 0.000000
1280 0.000000 0.000000 0.000000
1290 0.000000 0.000000 0.000000
1300 0.000000 0.000000 0.000000
1310 0.000000 0.000000 0.000000
1320 0.000000 0.000000 0.000000
1330 0.000000 0.000000 0.000000
1340 0.000000 0.000000 0.000000
1350 0.000000 0.000000 0.000000
1360 0.000000 0.000000 0.000000
1370 0.000000 0.000000 0.000000
1380 0.000000 0.000000 0.000000
1390 0.000000 0.000000 0.000000
1400 0.000000 0.000000 0.000000
1410 0.000000 0.000000 0.000000
1420 0.000000 0.000000 0.000000
1430 0.000000 0.000000 0.000000
1440 0.000000 0.000000 0.000000
1450 0.000000 0.000000 0.000000
1460 0.000000 0.000000 0.000000
1470 0.000000 0.000000 0.000000
1480 0.000000 0.000000 0.000000
1490 0.000000 0.000000 0.000000
1500 0.000000 0.000000 0.000000
1510 0.000000 0.000000 0.000000
1520 0.000000 0.000000 0.000000
1530 0.000000 0.000000 0.000000
1540 0.000000 0.000000 0.000000
1550 0.000000 0.000000 0.000000
1560 0.000000 0.000000 0.000000
1570 0.000000 0.000000 0.000000
1580 0.000000 0.000000 0.000000
1590 0.000000 0.000000 0.000000
1600 0.000000 0.000000 0.000000
1610 0.000000 0.000000 0.000000
1620 0.000000 0.000000 0.000000
1630 0.000000 0.000000 0.000000
1640 0.000000 0.000000 0.000000
1650 0.000000 0.000000 0.000000
1660 0.000000 0.000000 0.000000
1670 0.000000 0.000000 0.000000
1680 0.000000 0.000000 0.000000
1690 0.000000 0.000000 0.000000
1700 0.000000 0.000000 0.000000
1710 0.000000 0.000000 0.000000
1720 0.000000 0.000000 0.000000
1730 0.000000 0.000000 0.000000
1740 0.000000 0.000000 0.000000
1750 0.000000 0.000000 0.000000
1760 0.000000 0.000000 0.000000
1770 0.000000 0.000000 0.000000
1780 0.000000 0.000000 0.000000
1790 0.000000 0.000000 0.000000
1800 0.000000 0.000000 0.000000
1810 0.000000 0.000000 0.000000
1820 0.000000 0.000000 0.000000
1830 0.000000 0.000000 0.000000
1840 0.000000 0.000000 0.000000
1850 0.000000 0.000000 0.000000
1860 0.000000 0.000000 0.000000
1870 0.000000 0.000000 0.000000
1880 0.000000 0.000000 0.000000
1890 0.000000 0.000000 0.000000
1900 0.000000 0.000000 0.000000
1910 0.000000 0.000000 0.000000
1920 0.000000 0.000000 0.000000
1930 0.000000 0.000000 0.000000
1940 0.000000 0.000000 0.000000
1950 0.000000 0.000000 0.000000
1960 0.000000 0.000000 0.000000
1970 0.000000 0.000000 0.000000
1980 0.000000 0.000000 0.000000
1990 0.000000 0.000000 0.000000
10 1.000000 1.000000 1.000000
20 1.000000 1.000000 1.000000
30 1.000000 1.000000 1.000000
40 1.000000 1.000000 1.000000
50 1.000000 1.000000 1.000000
60 1.000000 1.000000 1.000000
70 1.000000 1.000000 1.000000
80 1.000000 1.000000 1.000000
90 1.000000 1.000000 1.000000
100 1.000000 1.000000 1.000000
110 1.000000 1.000000 1.000000
120 1.000000 1.000000 1.000000
130 1.000000 1.000000 1.000000
140 1.000000 1.000000 1.000000
150 1.000000 1.000000 1.000000
160 1.000000 1.000000 1.000000
170 1.000000 1.000000 0.994118
180 1.000000 1.000000 0.994444
190 1.000000 1.000000 0.942105
200 1.000000 0.995000 0.785000
210 0.976190 0.961905 0.404762
220 0.881818 0.845455 0.145455
230 0.739130 0.665217 0.047826
240 0.558333 0.466667 0.008333
250 0.244000 0.184000 0.000000
260 0.126923 0.084615 0.000000
270 0.055556 0.029630 0.000000
280 0.042857 0.025000 0.000000
290 0.010345 0.010345 0.000000
300 0.000000 0.000000 0.000000
310 0.003226 0.000000 0.000000
320 0.000000 0.000000 0.000000
330 0.000000 0.000000 0.000000
340 0.000000 0.000000 0.000000
350 0.000000 0.000000 0.000000
360 0.000000 0.000000 0.000000
370 0.000000 0.000000 0.000000
380 0.000000 0.000000 0.000000
390 0.000000 0.000000 0.000000
400 0.000000 0.000000 0.000000
410 0.000000 0.000000 0.000000
420 0.000000 0.000000 0.000000
430 0.000000 0.000000 0.000000
440 0.000000 0.000000 0.000000
450 0.000000 0.000000 0.000000
460 0.000000 0.000000 0.000000
470 0.000000 0.000000 0.000000
480 0.000000 0.000000 0.000000
490 0.000000 0.000000 0.000000
500 0.000000 0.000000 0.000000
510 0.000000 0.000000 0.000000
520 0.000000 0.000000 0.000000
530 0.000000 0.000000 0.000000
540 0.000000 0.000000 0.000000
550 0.000000 0.000000 0.000000
560 0.000000 0.000000 0.000000
570 0.000000 0.000000 0.000000
580 0.000000 0.000000 0.000000
590 0.000000 0.000000 0.000000
600 0.000000 0.000000 0.000000
610 0.000000 0.000000 0.000000
620 0.000000 0.000000 0.000000
630 0.000000 0.000000 0.000000
640 0.000000 0.000000 0.000000
650 0.000000 0.000000 0.000000
660 0.000000 0.000000 0.000000
670 0.000000 0.000000 0.000000
680 0.000000 0.000000 0.000000
690 0.000000 0.000000 0.000000
700 0.000000 0.000000 0.000000
710 0.000000 0.000000 0.000000
720 0.000000 0.000000 0.000000
730 0.000000 0.000000 0.000000
740 0.000000 0.000000 0.000000
750 0.000000 0.000000 0.000000
760 0.000000 0.000000 0.000000
770 0.000000 0.000000 0.000000
780 0.000000 0.000000 0.000000
790 0.000000 0.000000 0.000000
800 0.000000 0.000000 0.000000
810 0.000000 0.000000 0.000000
820 0.000000 0.000000 0.000000
830 0.000000 0.000000 0.000000
840 0.000000 0.000000 0.000000
850 0.000000 0.000000 0.000000
860 0.000000 0.000000 0.000000
870 0.000000 0.000000 0.000000
880 0.000000 0.000000 0.000000
890 0.000000 0.000000 0.000000
900 0.000000 0.000000 0.000000
910 0.000000 0.000000 0.000000
920 0.000000 0.000000 0.000000
930 0.000000 0.000000 0.000000
940 0.000000 0.000000 0.000000
950 0.000000 0.000000 0.000000
960 0.000000 0.000000 0.000000
970 0.000000 0.000000 0.000000
980 0.000000 0.000000 0.000000
990 0.000000 0.000000 0.000000
1000 0.000000 0.000000 0.000000
1010 0.000000 0.000000 0.000000
1020 0.000000 0.000000 0.000000
1030 0.000000 0.000000 0.000000
1040 0.000000 0.000000 0.000000
1050 0.000000 0.000000 0.000000
1060 0.000000 0.000000 0.000000
1070 0.000000 0.000000 0.000000
1080 0.000000 0.000000 0.000000
1090 0.000000 0.000000 0.000000
1100 0.000000 0.000000 0.000000
1110 0.000000 0.000000 0.000000
1120 0.000000 0.000000 0.000000
1130 0.000000 0.000000 0.000000
1140 0.000000 0.000000 0.000000
1150 0.000000 0.000000 0.000000
1160 0.000000 0.000000 0.000000
1170 0.000000 0.000000 0.000000
1180 0.000000 0.000000 0.000000
1190 0.000000 0.000000 0.000000
1200 0.000000 0.000000 0.000000
1210 0.000000 0.000000 0.000000
1220 0.000000 0.000000 0.000000
1230 0.000000 0.000000 0.000000
1240 0.000000 0.000000 0.000000
1250 0.000000 0.000000 0.000000
1260 0.000000 0.000000 0.000000
1270 0.000000 0.000000 0.000000
1280 0.000000 0.000000 0.000000
1290 0.000000 0.000000 0.000000
1300 0.000000 0.000000 0.000000
1310 0.000000 0.000000 0.000000
1320 0.000000 0.000000 0.000000
1330 0.000000 0.000000 0.000000
1340 0.000000 0.000000 0.000000
1350 0.000000 0.000000 0.000000
1360 0.000000 0.000000 0.000000
1370 0.000000 0.000000 0.000000
1380 0.000000 0.000000 0.000000
1390 0.000000 0.000000 0.000000
1400 0.000000 0.000000 0.000000
1410 0.000000 0.000000 0.000000
1420 0.000000 0.000000 0.000000
1430 0.000000 0.000000 0.000000
1440 0.000000 0.000000 0.000000
1450 0.000000 0.000000 0.000000
1460 0.000000 0.000000 0.000000
1470 0.000000 0.000000 0.000000
1480 0.000000 0.000000 0.000000
1490 0.000000 0.000000 0.000000
1500 0.000000 0.000000 0.000000
1510 0.000000 0.000000 0.000000
1520 0.000000 0.000000 0.000000
1530 0.000000 0.000000 0.000000
1540 0.000000 0.000000 0.000000
1550 0.000000 0.000000 0.000000
1560 0.000000 0.000000 0.000000
1570 0.000000 0.000000 0.000000
1580 0.000000 0.000000 0.000000
1590 0.000000 0.000000 0.000000
1600 0.000000 0.000000 0.000000
1610 0.000000 0.000000 0.000000
1620 0.000000 0.000000 0.000000
1630 0.000000 0.000000 0.000000
1640 0.000000 0.000000 0.000000
1650 0.000000 0.000000 0.000000
1660 0.000000 0.000000 0.000000
1670 0.000000 0.000000 0.000000
1680 0.000000 0.000000 0.000000
1690 0.000000 0.000000 0.000000
1700 0.000000 0.000000 0.000000
1710 0.000000 0.000000 0.000000
1720 0.000000 0.000000 0.000000
1730 0.000000 0.000000 0.000000
1740 0.000000 0.000000 0.000000
1750 0.000000 0.000000 0.000000
1760 0.000000 0.000000 0.000000
1770 0.000000 0.000000 0.000000
1780 0.000000 0.000000 0.000000
1790 0.000000 0.000000 0.000000
1800 0.000000 0.000000 0.000000
1810 0.000000 0.000000 0.000000
1820 0.000000 0.000000 0.000000
1830 0.000000 0.000000 0.000000
1840 0.000000 0.000000 0.000000
1850 0.000000 0.000000 0.000000
1860 0.000000 0.000000 0.000000
1870 0.000000 0.000000 0.000000
1880 0.000000 0.000000 0.000000
1890 0.000000 0.000000 0.000000
1900 0.000000 0.000000 0.000000
1910 0.000000 0.000000 0.000000
1920 0.000000 0.000000 0.000000
1930 0.000000 0.000000 0.000000
1940 0.000000 0.000000 0.000000
1950 0.000000 0.000000 0.000000
1960 0.000000 0.000000 0.000000
1970 0.000000 0.000000 0.000000
1980 0.000000 0.000000 0.000000
1990 0.000000 0.000000 0.000000
